PFR cut
0 0.0013957985179099339 0.002692659133589237 0.0039000715519864233 0.0050275254780518365 0.006084530512003846 0.007091659169127661 0.008324008867062482 0.009501598553371026 0.01063680492989459 0.011742019194234296 0.01282962283453709 0.013912007048437236 0.01500729425552027 0.01626983011722875 0.017568712561948058 0.018918052379525523 0.02032782756745442 0.021969563293720972 
0.0 5000.0 10000.0 15000.0 20000.0 25000.0 
time point_ID electrons_temperature electrons_density ions_0_temperature ions_0_density ions_1_density 
0 2664 2.2141301548366985 1.6866404848642e+19 1.9823148000274244 2.5215172663361e+17 1.6866404848642e+19 
0 2665 2.9085781558311243 1.8542831196967e+19 2.6195618190112917 1.8935139816723e+17 1.8542831196967e+19 
0 2666 3.6681168828111534 2.0115158032949e+19 3.357622757153585 1.4596583834799e+17 2.0115158032949e+19 
0 2667 4.539943212994846 2.1615970471753e+19 4.225287556462124 1.1388311026381002e+17 2.1615970471753e+19 
0 2668 5.449748085877302 2.2902472938873e+19 5.149410776180135 9.1262978008713e+16 2.2902472938873e+19 
0 2669 6.329200500590409 2.3920181988645e+19 6.071939509470597 7.5328128164883e+16 2.3920181988645e+19 
0 2670 7.176804227383515 2.471127642812e+19 6.988017566527654 6.3542544837661e+16 2.471127642812e+19 
0 2671 7.998577644174172 2.5314565401437e+19 7.901331542360731 5.4458824512383e+16 2.5314565401437e+19 
0 2672 8.802841910497284 2.5766079446391e+19 8.82245354988341 4.7196674106623e+16 2.5766079446391e+19 
0 2673 9.623805788273492 2.6108723131963e+19 9.794698245154027 4.1039174719448e+16 2.6108723131963e+19 
0 2674 10.693072628027645 2.6420212196444e+19 11.070869758998205 3.4645389784007e+16 2.6420212196444e+19 
0 2675 12.0608624369321 2.6629770810328e+19 12.659694951573286 2.8612410775848e+16 2.6629770810328e+19 
0 2676 13.465137181130105 2.6630861753345e+19 14.368329310584535 2.3751562444217e+16 2.6630861753345e+19 
0 2677 14.9198329088076 2.6396947494836e+19 16.22192774070449 1.9796097359175e+16 2.6396947494836e+19 
0 2678 16.471053032928488 2.5929094339432e+19 18.292712718584458 1.6496650581441e+16 2.5929094339432e+19 
0 2679 18.70055199263081 2.5069521501626e+19 21.34995716833283 1.3014092688345e+16 2.5069521501626e+19 
0 2680 22.878554334051593 2.3559796148389994e+19 26.450872207419927 9318373873484500.0 2.3559796148389994e+19 
0 2681 28.785768297834863 2.2199385154798e+19 31.735019003800797 7013197489143100.0 2.2199385154798e+19 
0 906 46.832889675929536 2.0722254058757e+19 43.043929151968015 5056893326042601.0 2.0722254058757e+19 
1 2664 2.2578213737619186 1.693665298282e+19 2.018943550952846 2.4157983697769e+17 1.693665298282e+19 
1 2665 2.9632248796523246 1.8633953775723e+19 2.6669427242959736 1.8142084281324e+17 1.8633953775723e+19 
1 2666 3.732185578911575 2.0225922918019e+19 3.4154319857540614 1.3991033380221e+17 2.0225922918019e+19 
1 2667 4.612277762281213 2.1746113911975e+19 4.29276620513541 1.0922798307432e+17 2.1746113911975e+19 
1 2668 5.527681059738604 2.3051002974059e+19 5.224293226282595 8.759571838335902e+16 2.3051002974059e+19 
1 2669 6.410319732787949 2.4084911677894e+19 6.151495488820154 7.2351868090023e+16 2.4084911677894e+19 
1 2670 7.2590691330366495 2.4891059895915e+19 7.0698362959204735 6.1070855988804e+16 2.4891059895915e+19 
1 2671 8.08056487893433 2.5508307377787e+19 7.983339721814467 5.2370395547653e+16 2.5508307377787e+19 
1 2672 8.88315726352648 2.5973618327031e+19 8.902828564515346 4.5409676828562e+16 2.5973618327031e+19 
1 2673 9.700949181547367 2.6330515225955e+19 9.871642374594288 3.9503442403562e+16 2.6330515225955e+19 
1 2674 10.76521483649705 2.6659480051402e+19 11.141078679815932 3.3364866599386e+16 2.6659480051402e+19 
1 2675 12.125667859534417 2.688960797663e+19 12.719115134253913 2.7565834814691e+16 2.688960797663e+19 
1 2676 13.521191491160627 2.6909951086808e+19 14.413249239858391 2.2888955641041e+16 2.6909951086808e+19 
1 2677 14.96507996576019 2.6693840076405e+19 16.24846963057586 1.9080097528718e+16 2.6693840076405e+19 
1 2678 16.503191311341126 2.6242079031437996e+19 18.296559090821592 1.5900717383708e+16 2.6242079031437996e+19 
1 2679 18.71002156847999 2.540015879346e+19 21.31722736365065 1.2542352188465e+16 2.540015879346e+19 
1 2680 22.841950071949334 2.3903738246081e+19 26.355427789995687 8974971811295700.0 2.3903738246081e+19 
1 2681 28.683407711293164 2.2539022872818e+19 31.5752096631897 6749450576447700.0 2.2539022872818e+19 
1 906 46.408927278474174 2.1145068863071998e+19 42.794763225795876 4852175159889700.0 2.1145068863071998e+19 
2 2664 2.257821373696258 1.6936652983242e+19 2.0189435509076574 2.4157983700149e+17 1.6936652983242e+19 
2 2665 2.9632248795693124 1.8633953776168e+19 2.6669427242366166 1.8142084283116e+17 1.8633953776168e+19 
2 2666 3.7321855788136467 2.0225922918485e+19 3.4154319856805984 1.3991033381601e+17 2.0225922918485e+19 
2 2667 4.612277762169178 2.1746113912462e+19 4.292766205048092 1.0922798308505002e+17 2.1746113912462e+19 
2 2668 5.527681059616582 2.3051002974561e+19 5.224293226184167 8.7595718391915e+16 2.3051002974561e+19 
2 2669 6.410319732659998 2.4084911678402994e+19 6.151495488713985 7.2351868097052e+16 2.4084911678402994e+19 
2 2670 7.259069132906202 2.4891059896427e+19 7.069836295809374 6.1070855994711e+16 2.4891059896427e+19 
2 2671 8.080564878803884 2.5508307378294e+19 7.98333972170212 5.2370395552703e+16 2.5508307378294e+19 
2 2672 8.883157263397905 2.5973618327529e+19 8.902828564404249 4.5409676832935e+16 2.5973618327529e+19 
2 2673 9.70094918142441 2.6330515226438e+19 9.871642374486933 3.9503442407369e+16 2.6330515226438e+19 
2 2674 10.765214836381581 2.6659480051865e+19 11.14107867971669 3.3364866602616e+16 2.6659480051865e+19 
2 2675 12.12566785942769 2.6889607977065e+19 12.71911513416778 2.7565834817391e+16 2.6889607977065e+19 
2 2676 13.521191491063883 2.6909951087214e+19 14.413249239790359 2.2888955643325e+16 2.6909951087214e+19 
2 2677 14.965079965675928 2.6693840076778e+19 16.248469630530295 1.9080097530673e+16 2.6693840076778e+19 
2 2678 16.503191311272467 2.6242079031776997e+19 18.296559090804116 1.5900717385395e+16 2.6242079031776997e+19 
2 2679 18.710021568440045 2.5400158793755e+19 21.31722736367624 1.2542352189878e+16 2.5400158793755e+19 
2 2680 22.841950071965563 2.3903738246342e+19 26.355427790076828 8974971812418300.0 2.3903738246342e+19 
2 2681 28.68340771136993 2.2539022873078e+19 31.575209663305788 6749450577385300.0 2.2539022873078e+19 
2 906 46.408927279474064 2.1145068862658e+19 42.79476322642814 4852175160928200.0 2.1145068862658e+19 
3 2664 2.257821373696258 1.6936652983242e+19 2.0189435509076574 2.4157983700149e+17 1.6936652983242e+19 
3 2665 2.9632248795693124 1.8633953776168e+19 2.6669427242366166 1.8142084283116e+17 1.8633953776168e+19 
3 2666 3.7321855788136467 2.0225922918486e+19 3.4154319856805984 1.3991033381601e+17 2.0225922918486e+19 
3 2667 4.612277762169178 2.1746113912463e+19 4.292766205048092 1.0922798308505002e+17 2.1746113912463e+19 
3 2668 5.527681059616582 2.3051002974561e+19 5.224293226184167 8.7595718391916e+16 2.3051002974561e+19 
3 2669 6.410319732659998 2.4084911678402994e+19 6.151495488713923 7.2351868097053e+16 2.4084911678402994e+19 
3 2670 7.259069132905577 2.4891059896427e+19 7.069836295809374 6.1070855994712e+16 2.4891059896427e+19 
3 2671 8.080564878803884 2.5508307378294e+19 7.98333972170212 5.2370395552704e+16 2.5508307378294e+19 
3 2672 8.883157263397905 2.5973618327529e+19 8.902828564404249 4.5409676832935e+16 2.5973618327529e+19 
3 2673 9.70094918142441 2.6330515226438e+19 9.871642374486933 3.9503442407369e+16 2.6330515226438e+19 
3 2674 10.765214836381581 2.6659480051865e+19 11.14107867971669 3.3364866602617e+16 2.6659480051865e+19 
3 2675 12.12566785942769 2.6889607977065e+19 12.71911513416778 2.7565834817391e+16 2.6889607977065e+19 
3 2676 13.521191491063883 2.6909951087214e+19 14.413249239790359 2.2888955643325e+16 2.6909951087214e+19 
3 2677 14.965079965675928 2.6693840076778e+19 16.248469630530295 1.9080097530673e+16 2.6693840076778e+19 
3 2678 16.503191311272467 2.6242079031776997e+19 18.296559090804116 1.5900717385395e+16 2.6242079031776997e+19 
3 2679 18.710021568440045 2.5400158793755e+19 21.31722736367624 1.2542352189878e+16 2.5400158793755e+19 
3 2680 22.841950071965563 2.3903738246342e+19 26.355427790076828 8974971812418399.0 2.3903738246342e+19 
3 2681 28.68340771136993 2.2539022873078e+19 31.575209663305788 6749450577385300.0 2.2539022873078e+19 
3 906 46.408927279474064 2.1145068862658e+19 42.79476322642814 4852175160928300.0 2.1145068862658e+19 
4 2664 2.257821373696258 1.6936652983242e+19 2.0189435509076574 2.4157983700149e+17 1.6936652983242e+19 
4 2665 2.9632248795693124 1.8633953776168e+19 2.6669427242366166 1.8142084283116e+17 1.8633953776168e+19 
4 2666 3.7321855788136467 2.0225922918486e+19 3.4154319856805984 1.3991033381601e+17 2.0225922918486e+19 
4 2667 4.612277762169178 2.1746113912463e+19 4.292766205048092 1.0922798308505002e+17 2.1746113912463e+19 
4 2668 5.527681059616582 2.3051002974561e+19 5.224293226184167 8.7595718391916e+16 2.3051002974561e+19 
4 2669 6.410319732659998 2.4084911678402994e+19 6.151495488713923 7.2351868097053e+16 2.4084911678402994e+19 
4 2670 7.259069132905577 2.4891059896427e+19 7.069836295809374 6.1070855994712e+16 2.4891059896427e+19 
4 2671 8.080564878803884 2.5508307378294e+19 7.98333972170212 5.2370395552704e+16 2.5508307378294e+19 
4 2672 8.883157263397905 2.5973618327529e+19 8.902828564404249 4.5409676832935e+16 2.5973618327529e+19 
4 2673 9.70094918142441 2.6330515226438e+19 9.871642374486933 3.9503442407369e+16 2.6330515226438e+19 
4 2674 10.765214836381581 2.6659480051865e+19 11.14107867971669 3.3364866602617e+16 2.6659480051865e+19 
4 2675 12.12566785942769 2.6889607977065e+19 12.71911513416778 2.7565834817391e+16 2.6889607977065e+19 
4 2676 13.521191491063883 2.6909951087214e+19 14.413249239790359 2.2888955643325e+16 2.6909951087214e+19 
4 2677 14.965079965675928 2.6693840076778e+19 16.248469630530295 1.9080097530673e+16 2.6693840076778e+19 
4 2678 16.503191311272467 2.6242079031776997e+19 18.296559090804116 1.5900717385395e+16 2.6242079031776997e+19 
4 2679 18.710021568440045 2.5400158793755e+19 21.31722736367624 1.2542352189878e+16 2.5400158793755e+19 
4 2680 22.841950071965563 2.3903738246342e+19 26.355427790076828 8974971812418399.0 2.3903738246342e+19 
4 2681 28.68340771136993 2.2539022873078e+19 31.575209663305788 6749450577385300.0 2.2539022873078e+19 
4 906 46.40892727947468 2.1145068862658e+19 42.79476322642814 4852175160928300.0 2.1145068862658e+19 
5 2664 2.257821373696258 1.6936652983242e+19 2.0189435509076574 2.4157983700149e+17 1.6936652983242e+19 
5 2665 2.9632248795693124 1.8633953776168e+19 2.6669427242366166 1.8142084283116e+17 1.8633953776168e+19 
5 2666 3.7321855788136467 2.0225922918485e+19 3.4154319856805984 1.3991033381601e+17 2.0225922918485e+19 
5 2667 4.612277762169178 2.1746113912462e+19 4.292766205048092 1.0922798308505002e+17 2.1746113912462e+19 
5 2668 5.527681059616582 2.3051002974561e+19 5.224293226184167 8.7595718391916e+16 2.3051002974561e+19 
5 2669 6.410319732659998 2.4084911678402994e+19 6.151495488713923 7.2351868097053e+16 2.4084911678402994e+19 
5 2670 7.259069132905577 2.4891059896427e+19 7.069836295809374 6.1070855994712e+16 2.4891059896427e+19 
5 2671 8.080564878803884 2.5508307378294e+19 7.98333972170212 5.2370395552704e+16 2.5508307378294e+19 
5 2672 8.883157263397905 2.5973618327529e+19 8.902828564404249 4.5409676832935e+16 2.5973618327529e+19 
5 2673 9.70094918142441 2.6330515226438e+19 9.871642374486933 3.9503442407369e+16 2.6330515226438e+19 
5 2674 10.765214836381581 2.6659480051865e+19 11.14107867971669 3.3364866602617e+16 2.6659480051865e+19 
5 2675 12.12566785942769 2.6889607977065e+19 12.71911513416778 2.7565834817391e+16 2.6889607977065e+19 
5 2676 13.521191491063883 2.6909951087214e+19 14.413249239790359 2.2888955643325e+16 2.6909951087214e+19 
5 2677 14.965079965675928 2.6693840076778e+19 16.248469630530295 1.9080097530673e+16 2.6693840076778e+19 
5 2678 16.503191311272467 2.6242079031776997e+19 18.296559090804116 1.5900717385395e+16 2.6242079031776997e+19 
5 2679 18.710021568440045 2.5400158793755e+19 21.31722736367624 1.2542352189878e+16 2.5400158793755e+19 
5 2680 22.841950071965563 2.3903738246342e+19 26.355427790076828 8974971812418399.0 2.3903738246342e+19 
5 2681 28.68340771136993 2.2539022873078e+19 31.575209663305788 6749450577385400.0 2.2539022873078e+19 
5 906 46.40892727947468 2.1145068862658e+19 42.79476322642814 4852175160928300.0 2.1145068862658e+19 
