something
0 0.0343763485633 0.0687526971266 0.10312904569 0.137166283977 0.171203522263 0.20524076055 0.239594832455 0.273948904359 0.308302976264 0.342372378286 0.376441780308 0.410511182331 0.444824294648 0.479137406965 0.513450519283 0.557567694244 0.601684869206 0.64069965122 0.679714433234 0.718729215248 0.752852257882 0.786975300517 0.821098343151 0.855399054758 0.889699766365 0.924000477972 0.958145393253 0.992290308533 1.02643522381 1.06074116802 
31.898 32.253 32.608 32.963 33.318 33.673 34.028 34.383 34.738 35.093 35.448 35.803 36.158 36.513 36.868 37.223 37.578 37.933 38.288 38.643 38.998 39.353 39.708 40.063 40.418 40.773 41.128 41.483 41.838 42.193 42.548 
time point_ID psi phi j_tor b_field_r b_field_z b_field_tor 
0 1462 -5.92443878892 -1e+37 0.0 0.0411952944842 -0.00573079173042 3.56251076431 
0 1423 -5.93445934583 -1e+37 0.0 0.0419354224954 -0.0357842644789 3.60908188398 
0 1445 -5.93635387129 -1e+37 0.0 0.0131976383359 -0.0557841321151 3.63429936361 
0 1461 -5.94960528042 -1e+37 0.0 0.0644386327422 0.00982792149582 3.53626982267 
0 1344 -5.97111059914 -1e+37 0.0 0.0150573833612 -0.0840141888228 3.6793367173 
0 1435 -5.97726991882 -1e+37 0.0 0.0716327892008 0.0305117042585 3.4939290302 
0 1440 -6.01198878895 -1e+37 0.0 -0.00748186533836 -0.0972590320294 3.72407114447 
0 1725 -6.01904623814 -1e+37 0.0 0.0754254246334 0.0502941164153 3.45148696356 
0 1724 -6.07755924981 -1e+37 0.0 0.0765912021901 0.0531163974342 3.42428739145 
0 1232 -6.15117424701 -1e+37 0.0 0.0674123026754 0.0471308660999 3.38896432393 
0 1319 -6.18121006037 -1e+37 0.0 0.0527252894866 0.0478718018495 3.3493922714 
0 1289 -6.21472252372 2.19058949074 183955.020019 0.0316311971626 0.0285983226313 3.32392559835 
0 1716 -6.23509463489 1.49404354713 311101.590729 0.0263225170789 0.0175282127739 3.33758590797 
0 1717 -6.24476377941 1.10592116419 -35894.662478 0.015825517213 0.0122941423194 3.30144739215 
0 1136 -6.24926780424 0.868806173279 -258455.295823 0.000648254463443 0.00201581545213 3.27152427331 
0 1218 -6.24725756921 0.971261873126 -171334.34432 -0.00963473624984 -0.00653251369647 3.2377016383 
0 1286 -6.23617062089 1.45492948251 252437.703888 -0.0152591107584 -0.0122919355337 3.18792001547 
0 1213 -6.22295086261 1.91329063938 379951.773952 -0.0192720070583 -0.0155648374951 3.17246627102 
0 853 -6.21043504869 2.33509791392 15493.8474983 -0.0221750715745 -0.0166295120517 3.16930448151 
0 1165 -6.19231380122 -1e+37 0.0 -0.0222041242644 -0.0168204877382 3.13140183943 
0 1166 -6.17789816722 -1e+37 0.0 -0.022695415691 -0.0155712498876 3.12288943237 
0 1164 -6.16313483706 -1e+37 0.0 -0.0211084810804 -0.0150381458693 3.09980540094 
0 1169 -6.14472376374 -1e+37 0.0 -0.019989099009 -0.013662022587 3.06574900357 
0 744 -6.12446999975 -1e+37 0.0 -0.0185629792747 -0.01230892025 3.03107033753 
0 856 -6.10979779668 -1e+37 0.0 -0.0174269544529 -0.0111652070146 2.99768489848 
0 758 -6.09453567977 -1e+37 0.0 -0.0167448234861 -0.0100091518299 2.97818893502 
0 854 -6.08743025614 -1e+37 0.0 -0.0155500469238 -0.00940146675481 2.94559568182 
0 188 -6.07593082811 -1e+37 0.0 -0.0145810342282 -0.00849852627277 2.92668296969 
0 580 -6.06680524738 -1e+37 0.0 -0.0141718278639 -0.00739720697863 2.91814312112 
0 218 -6.06232172419 -1e+37 0.0 -0.0127166183799 -0.0069777152839 2.8918059434 
0 133 -6.04924885954 -1e+37 0.0 -0.012696747119 -0.00599369585818 2.86920386393 
1 1462 -6.18047794376 0.116323004032 1874762.46914 0.0416004459559 -0.120643900091 3.57650697746 
1 1423 -6.23484084191 0.054317353919 2039088.02608 0.042917090738 -0.0847922411066 3.62469301571 
1 1445 -6.22832982759 0.0618848907964 2023319.9331 0.0842407939769 -0.0572611479463 3.64984133479 
1 1461 -6.14966318907 0.153643833259 1782295.05535 0.00648087032371 -0.139633177697 3.54941303347 
1 1344 -6.24124532806 0.0467546573596 2067208.33009 0.0817127184447 -0.00884057239408 3.6954307243 
1 1435 -6.07324467637 0.249592968334 1557775.41723 -0.0116107847476 -0.161750116091 3.50521673625 
1 1440 -6.20584414287 0.0872467721018 1969598.72635 0.114848550413 0.0227292234949 3.73937813269 
1 1725 -5.97544464279 0.381042479317 1277221.69173 -0.0303812882482 -0.182616852564 3.46077461232 
1 1724 -5.88668456088 0.510545141409 1031815.58579 -0.0561205308458 -0.190381136639 3.43209348076 
1 1232 -5.75168525832 0.731598151879 683234.745174 -0.0790178640264 -0.189903821355 3.39503664478 
1 1319 -5.64271158582 0.937292845237 431729.274108 -0.0705017824404 -0.190340665727 3.35445426607 
1 1289 -5.54399488067 1.15189351184 237339.074502 -0.0793171745185 -0.175415482597 3.32835787866 
1 1716 -5.50210780007 1.25317719939 167610.028376 -0.102979895817 -0.165530584321 3.34169781557 
1 1717 -5.40800027117 1.50861354736 35594.346995 -0.0914361638611 -0.15739936134 3.30513216202 
1 1136 -5.31488560599 1.80911496285 -52292.0129691 -0.086317509995 -0.143320558125 3.27499200679 
1 1218 -5.2201379524 2.18224902051 -94332.3443259 -0.0746311616476 -0.127224778276 3.24111153461 
1 1286 -5.10549897491 2.76552264391 -81629.6094403 -0.0625991441808 -0.116811678289 3.19140543925 
1 1213 -5.04349945393 3.16281720507 -51530.8495323 -0.0635783968844 -0.105564882901 3.17606708567 
1 853 -5.00341146979 3.45702723415 -25616.5182799 -0.0630756484855 -0.0966486851277 3.17295662348 
1 1165 -4.9236354031 -1e+37 0.0 -0.0589773791805 -0.0904174815598 3.13501230239 
1 1166 -4.87911791881 -1e+37 0.0 -0.060968040219 -0.0844747561999 3.12649008064 
1 1164 -4.8226749868 -1e+37 0.0 -0.0559987579359 -0.081627819931 3.10337943364 
1 1169 -4.74869382979 -1e+37 0.0 -0.0534142524518 -0.0764900545629 3.06928376972 
1 744 -4.66924326569 -1e+37 0.0 -0.0498200853932 -0.0716341295212 3.03456511965 
1 856 -4.60533947478 -1e+37 0.0 -0.0470097269661 -0.0681064075145 3.00114118765 
1 758 -4.549506927 -1e+37 0.0 -0.0455476357134 -0.06494680514 2.98162274562 
1 854 -4.50541339507 -1e+37 0.0 -0.0428039895778 -0.0632105516499 2.94899191285 
1 188 -4.45886859177 -1e+37 0.0 -0.040846875684 -0.060982954529 2.93005739462 
1 580 -4.42642960726 -1e+37 0.0 -0.0404192248228 -0.0586880813511 2.92150769972 
1 218 -4.39246596276 -1e+37 0.0 -0.0377275521473 -0.057508263867 2.89514015561 
1 133 -4.33458550746 -1e+37 0.0 -0.0379433837197 -0.0557827654577 2.87251201625 
2 1462 -5.13052440269 0.148448330956 584449.387623 0.00238012600313 -0.043603152917 3.56690002069 
2 1423 -5.15043382235 0.0680367732474 591900.37534 0.00242071963269 -0.0314147747377 3.61369356767 
2 1445 -5.15456079439 0.0518694761315 594288.882137 0.0141842277513 -0.0230196541958 3.63897835873 
2 1461 -5.11455519257 0.214257812593 579172.51202 -0.00804776686042 -0.050323902333 3.54050063508 
2 1344 -5.16149870363 0.0255033140297 598599.713025 0.0133979311421 -0.00833416215606 3.68413391262 
2 1435 -5.08410892056 0.339843351924 569602.341632 -0.0134813630929 -0.0598940539575 3.49788042225 
2 1440 -5.15730514196 0.0413353399051 599809.553998 0.0237569538398 0.00149275476832 3.72888974996 
2 1725 -5.04497122434 0.502381098623 557532.569254 -0.0198847424803 -0.0717381300407 3.45511680318 
2 1724 -5.00575323633 0.668811278539 544860.084774 -0.0304041778888 -0.0804281425255 3.42763596427 
2 1232 -4.9421762336 0.943875646643 520554.995346 -0.0413243833645 -0.0888083806768 3.39191472538 
2 1319 -4.88795445213 1.18528738229 494251.046821 -0.0409005342941 -0.100886888441 3.35204337184 
2 1289 -4.83183779789 1.44334352534 459032.420836 -0.0507087318107 -0.10784134408 3.32631882124 
2 1716 -4.80487478008 1.57040363141 437990.084482 -0.062769957368 -0.101138040954 3.33973621211 
2 1717 -4.74289674165 1.87359236505 384261.258256 -0.0620286675884 -0.108731086688 3.30329162164 
2 1136 -4.674617547 2.22808219045 311919.403929 -0.0660711520671 -0.112070543543 3.27316545232 
2 1218 -4.59587278433 2.67303096435 215323.572977 -0.0649933966286 -0.114457159499 3.23925007365 
2 1286 -4.48824318001 3.37339655084 69852.4573871 -0.0596673001842 -0.114679942546 3.18950708005 
2 1213 -4.42702231727 -1e+37 0.0 -0.0615606642815 -0.108644069624 3.17415934176 
2 853 -4.38754889598 -1e+37 0.0 -0.0615025873098 -0.101753804527 3.17104464052 
2 1165 -4.30467109708 -1e+37 0.0 -0.0576959867506 -0.0965239215958 3.13312123208 
2 1166 -4.25995485553 -1e+37 0.0 -0.0592722258645 -0.0911207116017 3.12460415102 
2 1164 -4.20138870417 -1e+37 0.0 -0.0546407094288 -0.088671478908 3.10150744459 
2 1169 -4.12362763274 -1e+37 0.0 -0.0520548748005 -0.0840718067189 3.06743234751 
2 744 -4.03996009404 -1e+37 0.0 -0.0485465136571 -0.0797666109498 3.03273464007 
2 856 -3.97123205626 -1e+37 0.0 -0.0457948575345 -0.0765945304907 2.99933086972 
2 758 -3.91289770275 -1e+37 0.0 -0.0443155217102 -0.0737152179621 2.97982420141 
2 854 -3.86301626239 -1e+37 0.0 -0.0416963707646 -0.0721875803913 2.94721305187 
2 188 -3.81347507535 -1e+37 0.0 -0.0397933094373 -0.0701751041568 2.92828995513 
2 580 -3.77997572323 -1e+37 0.0 -0.0392649862231 -0.0680419599467 2.9197454175 
2 218 -3.74073111998 -1e+37 0.0 -0.0366967294208 -0.0670476221233 2.89339377854 
2 133 -3.67893611392 -1e+37 0.0 -0.0368080822453 -0.0654410452037 2.8707792887 
3 1462 -4.96643316413 0.437770586881 1268658.98278 0.0521962601533 -0.212472472667 3.56600298143 
3 1423 -5.07616170191 0.300181956797 1662787.45872 0.0571845051928 -0.198484874438 3.61467646948 
3 1445 -5.09507218854 0.277803266123 1733943.77252 0.103913118219 -0.174034507091 3.64034136321 
3 1461 -4.91283033876 0.511019979254 1085177.3448 0.0182877287168 -0.222484012112 3.53892724534 
3 1344 -5.1684114456 0.194004201872 2009754.4535 0.107375858054 -0.139282702081 3.68720465162 
3 1435 -4.80302981369 0.676377156707 736207.014158 0.000393229136146 -0.223132117252 3.49525236169 
3 1440 -5.18322672022 0.177810302585 2069365.70753 0.147983370013 -0.103838061112 3.73242185902 
3 1725 -4.68260361011 0.88664135427 408779.541368 -0.0166569722386 -0.216668902968 3.4518495862 
3 1724 -4.59460157281 1.0659305564 217739.283893 -0.035956115625 -0.203998332892 3.42422405387 
3 1232 -4.47418326824 1.36016020689 34675.2891381 -0.0534797972842 -0.185471793754 3.38860371966 
3 1319 -4.37618004271 1.65688401625 -41125.6890833 -0.0458136041903 -0.165442262861 3.34895653511 
3 1289 -4.29887436953 1.94230086895 -54189.403632 -0.052807888073 -0.145988254819 3.32347845398 
3 1716 -4.27636849616 2.03555178487 -51278.8194215 -0.0713618342899 -0.144868570628 3.33698244227 
3 1717 -4.19882496548 2.40057703333 -24776.7269353 -0.0632889066019 -0.131173280656 3.30075788937 
3 1136 -4.12461474513 -1e+37 0.0 -0.0626389707743 -0.120196883657 3.2707974758 
3 1218 -4.04761075343 -1e+37 0.0 -0.0581956205246 -0.10863306183 3.23700239414 
3 1286 -3.9499531201 -1e+37 0.0 -0.0524356436042 -0.101243724089 3.18734410433 
3 1213 -3.89605215737 -1e+37 0.0 -0.0558574133263 -0.0939434397806 3.17201093758 
3 853 -3.85980589151 -1e+37 0.0 -0.058244911902 -0.0874976823795 3.1688983445 
3 1165 -3.78705415444 -1e+37 0.0 -0.0562870779298 -0.0812894933394 3.13100060421 
3 1166 -3.74498964907 -1e+37 0.0 -0.0599213730483 -0.076695925053 3.12248928787 
3 1164 -3.69205893351 -1e+37 0.0 -0.0563154497257 -0.0728583959657 3.09940821427 
3 1169 -3.62283962981 -1e+37 0.0 -0.0557062251087 -0.0676322357704 3.06535618063 
3 744 -3.54721818275 -1e+37 0.0 -0.0540901409674 -0.0619618986712 3.03068195806 
3 856 -3.48765308445 -1e+37 0.0 -0.052848818954 -0.0579999940141 2.99730079678 
3 758 -3.43143720652 -1e+37 0.0 -0.0526966047058 -0.0547344200081 2.9778073314 
3 854 -3.39397147697 -1e+37 0.0 -0.0507707725599 -0.0522668460215 2.94521825446 
3 188 -3.34727642937 -1e+37 0.0 -0.0497244637303 -0.0496134273502 2.92630796567 
3 580 -3.31177825924 -1e+37 0.0 -0.0506275314707 -0.0475009147666 2.91776921133 
3 218 -3.28408047953 -1e+37 0.0 -0.0485316009037 -0.045282166387 2.89143540827 
3 133 -3.22313702001 -1e+37 0.0 -0.0497114485278 -0.043661466436 2.86883622486 
4 1462 -4.59134340856 5.56231158988e-28 1618403.45844 0.0322821970347 -0.140324002815 3.5678623173 
4 1423 -4.65709056348 -1.57994677238e-29 1779067.9106 0.0324088439327 -0.107272218098 3.61570286563 
4 1445 -4.6632406263 -3.20754660986e-30 1794008.29032 0.0669125453734 -0.0831939612643 3.6410857033 
4 1461 -4.55217218814 -9.20944916941e-28 1522875.49621 0.00255612994003 -0.156433090162 3.54093702097 
4 1344 -4.6900118043 -7.68810460632e-31 1859683.02007 0.0636398728133 -0.0368847201814 3.68674433313 
4 1435 -4.46702735651 -8.12290328989e-25 1315401.15855 -0.0123154590108 -0.175796617979 3.49729583536 
4 1440 -4.67505873034 5.92514048904e-30 1823217.57956 0.0917152751042 -0.00706970235844 3.73126263352 
4 1725 -4.36301220541 3.35572021025e-22 1063755.48908 -0.0277553749681 -0.193474888097 3.45356816066 
4 1724 -4.27319123347 5.17070054784e-20 850329.520725 -0.0498329307619 -0.19948465892 3.42550845795 
4 1232 -4.13943625257 5.72500583949e-17 547214.802093 -0.0699718103537 -0.198116814809 3.3892938021 
4 1319 -4.02730141133 -1.01700786961e-14 320576.275759 -0.0626649604634 -0.196095112027 3.34929512527 
4 1289 -3.93000390257 -2.73456395773e-11 157204.125314 -0.0713480347014 -0.181414863616 3.32364794286 
4 1716 -3.89707432783 1.51690323864e-10 111521.64454 -0.0930398965481 -0.174914601491 3.33712360283 
4 1717 -3.79961923172 -6.44909300129e-09 16023.4175444 -0.0834262174464 -0.165489832484 3.30087661361 
4 1136 -3.70470724394 -9.35081167588e-06 -18435.9562193 -0.0808263206911 -0.152873089945 3.27094918771 
4 1218 -3.60610289436 0.0125081155414 -4015.2374009 -0.073457244186 -0.139562287636 3.23717953929 
4 1286 -3.4806598537 -1e+37 0.0 -0.065356429563 -0.131467214759 3.18751887139 
4 1213 -3.41237458258 -1e+37 0.0 -0.0687325819451 -0.122673028828 3.17218486391 
4 853 -3.36765347165 -1e+37 0.0 -0.0708036200485 -0.115045773695 3.16907210015 
4 1165 -3.27358404456 -1e+37 0.0 -0.0682164239326 -0.108101320335 3.13117228187 
4 1166 -3.22123304585 -1e+37 0.0 -0.0721631181363 -0.102827176342 3.12266049884 
4 1164 -3.15320216742 -1e+37 0.0 -0.0680403132731 -0.0985148025428 3.09957815967 
4 1169 -3.06307438011 -1e+37 0.0 -0.0674665553409 -0.0925617894897 3.06552425891 
4 744 -2.96445497192 -1e+37 0.0 -0.0658810902794 -0.0859238401613 3.03084813509 
4 856 -2.88511802786 -1e+37 0.0 -0.0647891134459 -0.081169318624 2.99746514348 
4 758 -2.81220005914 -1e+37 0.0 -0.0649913376711 -0.0772570759786 2.97797060923 
4 854 -2.75964078203 -1e+37 0.0 -0.0629373926395 -0.0740454265339 2.94537974539 
4 188 -2.69807155305 -1e+37 0.0 -0.0619710751168 -0.0706220518443 2.92646841971 
4 580 -2.65212597371 -1e+37 0.0 -0.0635678805717 -0.0680338750811 2.91792919718 
4 218 -2.61272745243 -1e+37 0.0 -0.0611379797081 -0.0648287132879 2.8915939502 
4 133 -2.53194348943 -1e+37 0.0 -0.0630431040318 -0.062748112018 2.86899352764 
5 1462 -4.22903264752 0.108980473226 1506126.31191 0.0280560352929 -0.0971625344457 3.57240445007 
5 1423 -4.27189489389 0.0448687700527 1589739.73119 0.0276916711528 -0.0652233473279 3.61980365981 
5 1445 -4.26964960134 0.0482641571272 1584988.4103 0.0569900113639 -0.0439822370619 3.64505816527 
5 1461 -4.20237465705 0.150282276847 1454172.8637 0.00159601056789 -0.112960491259 3.54568519696 
5 1344 -4.27869647581 0.0347426050777 1602435.27122 0.0534107127733 -0.00258438954341 3.69038410796 
5 1435 -4.13880882845 0.252087814832 1329781.71586 -0.0118288311121 -0.134258359346 3.5023389276 
5 1440 -4.25303030554 0.0733441045149 1551636.22251 0.0768267549033 0.0222988368133 3.7348119493 
5 1725 -4.05624805544 0.390980771293 1167305.52516 -0.0265259648974 -0.156733680339 3.45877937847 
5 1724 -3.97917346346 0.52872698222 1014593.49872 -0.0489381590059 -0.168780728525 3.43071400305 
5 1232 -3.85810926609 0.765269174458 774843.786486 -0.0701605421994 -0.175499313894 3.3943219929 
5 1319 -3.75522735751 0.989851678763 574967.71373 -0.0650718926565 -0.184061992781 3.35408213293 
5 1289 -3.65942088128 1.22495856574 397520.517318 -0.0768565867574 -0.178036237223 3.32819757838 
5 1716 -3.62047144335 1.32909138628 328608.056527 -0.0992507538666 -0.168855900728 3.34161261691 
5 1717 -3.52283498681 1.61955005492 176442.613312 -0.0913640533192 -0.166296670779 3.30517068348 
5 1136 -3.42389417962 1.96686918505 64217.8765227 -0.0901476375598 -0.156910541645 3.27512703101 
5 1218 -3.31961311822 2.4197273271 6122.13241598 -0.0820299268135 -0.144863485992 3.24130830138 
5 1286 -3.18781898762 -1e+37 0.0 -0.0723951317144 -0.136727344216 3.19160342732 
5 1213 -3.11458893372 -1e+37 0.0 -0.0755072965469 -0.126935995031 3.1762497705 
5 853 -3.06607378146 -1e+37 0.0 -0.0770496725834 -0.118467945292 3.17313301798 
5 1165 -2.96797030846 -1e+37 0.0 -0.0737581804621 -0.11120584211 3.13518463406 
5 1166 -2.91228111722 -1e+37 0.0 -0.0774788618201 -0.105281104671 3.12666194385 
5 1164 -2.84127836918 -1e+37 0.0 -0.0727583100474 -0.101005392818 3.10355002646 
5 1169 -2.74763187639 -1e+37 0.0 -0.0716374222537 -0.0947592204215 3.06945248829 
5 744 -2.64526739185 -1e+37 0.0 -0.0694648977794 -0.087990970409 3.03473192974 
5 856 -2.56330364905 -1e+37 0.0 -0.0679343022998 -0.0831176154172 3.00130616043 
5 758 -2.48770766093 -1e+37 0.0 -0.0678340370196 -0.0790590859299 2.98178664547 
5 854 -2.4338238816 -1e+37 0.0 -0.0655008501897 -0.0758776718896 2.94915401898 
5 188 -2.37024608464 -1e+37 0.0 -0.0642912449448 -0.0724130027865 2.93021845992 
5 580 -2.32281141997 -1e+37 0.0 -0.0656734841826 -0.0696978565454 2.92166829504 
5 218 -2.28238644056 -1e+37 0.0 -0.0630322711766 -0.0665906953664 2.89529930151 
5 133 -2.19930964032 -1e+37 0.0 -0.0648046958993 -0.0644337341494 2.87266991827 
6 1462 -3.91966567665 -7.4922946489e-32 1519901.72775 0.0191298453448 -0.055500984318 3.57115735598 
6 1423 -3.93998079982 8.87443140448e-32 1551395.98089 0.0181877635668 -0.0219545647681 3.61818261254 
6 1445 -3.93006563776 2.63784734256e-31 1536010.27822 0.0451564319733 -0.00132022737846 3.64329503111 
6 1461 -3.90221221932 -5.68937829113e-31 1492965.4737 -0.00625089854753 -0.0720782332873 3.54457183548 
6 1344 -3.91886751278 -1.32885385566e-31 1518788.48223 0.0410093648406 0.0396004402374 3.68825336167 
6 1435 -3.85682039876 -5.76859827827e-30 1422844.60996 -0.0190801402246 -0.0963622753839 3.50143668179 
6 1440 -3.87854821641 1.3414768098e-30 1456031.88652 0.0622481516333 0.0627382631086 3.7324227328 
6 1725 -3.79143139229 3.84859615078e-28 1321241.75388 -0.0336640514202 -0.124164874652 3.45798195569 
6 1724 -3.72127043006 5.4422515246e-27 1210499.12179 -0.0572595286373 -0.141839565634 3.42983891137 
6 1232 -3.60501683089 -4.79332022349e-23 1021848.1551 -0.0801416335435 -0.155888834989 3.39319828723 
6 1319 -3.50925611337 -1.60110099065e-20 861235.263338 -0.0764614694651 -0.175270229413 3.35274188151 
6 1289 -3.41008731962 2.34105827631e-18 688557.510862 -0.0917268456742 -0.17853801512 3.32656755669 
6 1716 -3.35744494721 1.49209180487e-16 594553.587718 -0.11559019193 -0.16531370542 3.33979779269 
6 1717 -3.25675660602 -9.77960238535e-15 418870.28796 -0.109392715896 -0.171476460473 3.30313597251 
6 1136 -3.14836374601 -5.62699529171e-12 242847.2123 -0.110067310246 -0.167569863453 3.27291487164 
6 1218 -3.03075866403 -3.38586397929e-08 98272.6811188 -0.10150092741 -0.160018950045 3.23901104488 
6 1286 -2.88107837123 0.000933716864573 9455.3101059 -0.0894993760852 -0.153649970321 3.18932599813 
6 1213 -2.79460903373 -1e+37 0.0 -0.0919809944636 -0.142263845401 3.17398541544 
6 853 -2.73660106931 -1e+37 0.0 -0.0922338984148 -0.132094109916 3.17087088486 
6 1165 -2.62525341671 -1e+37 0.0 -0.0874208560714 -0.124268602105 3.13294955442 
6 1166 -2.56051220143 -1e+37 0.0 -0.0906277080656 -0.117054382773 3.12443294005 
6 1164 -2.47982960922 -1e+37 0.0 -0.08470462725 -0.112865166017 3.10133749919 
6 1169 -2.37378544162 -1e+37 0.0 -0.0825170461095 -0.106033181318 3.06726426923 
6 744 -2.25794425833 -1e+37 0.0 -0.0792301091745 -0.0989441327663 3.03256846304 
6 856 -2.16534392309 -1e+37 0.0 -0.0769000702707 -0.093758514803 2.99916652303 
6 758 -2.08003220659 -1e+37 0.0 -0.076291805471 -0.0893501758458 2.97966092357 
6 854 -2.01901543615 -1e+37 0.0 -0.0734256896055 -0.0861172959107 2.94705156095 
6 188 -1.94735639998 -1e+37 0.0 -0.0717805884224 -0.0824651238976 2.92812950109 
6 580 -1.89423389793 -1e+37 0.0 -0.0728751915261 -0.0794519966992 2.91958543165 
6 218 -1.848089855 -1e+37 0.0 -0.069789342899 -0.0763751786597 2.89323523662 
6 133 -1.75492468642 -1e+37 0.0 -0.071430889215 -0.0740106870903 2.87062198592 
7 1462 -3.48810514797 -6.36487623433e-32 1387434.77184 0.0142602715185 -0.0203712725148 3.56678196676 
7 1423 -3.49040553065 0.0 1388423.3411 0.0131787447482 0.0107459096654 3.61344061792 
7 1445 -3.47443041338 -2.0418282253e-31 1368381.92331 0.0366471562595 0.0291803303124 3.6384685436 
7 1461 -3.48022995325 -2.21989521644e-31 1379123.2334 -0.00844306349586 -0.0358707348048 3.54040383063 
7 1344 -3.44975309725 4.21279777217e-31 1337252.34756 0.0326543711432 0.0659544622123 3.68322113801 
7 1435 -3.45305202801 6.81660634844e-31 1348587.94348 -0.0200127993898 -0.0594995704041 3.49765990584 
7 1440 -3.40114691486 -8.11520440903e-30 1276991.66559 0.0509640225448 0.0861180194715 3.72735968284 
7 1725 -3.40719366841 7.0031495381e-30 1295752.15592 -0.0336012062227 -0.0877877063188 3.45460709555 
7 1724 -3.35003852859 -4.70360468634e-28 1227866.92773 -0.0563739935266 -0.107343562912 3.42672593831 
7 1232 -3.24992331081 6.45678949217e-26 1104653.94121 -0.0790992648226 -0.124971685343 3.39035211024 
7 1319 -3.16969875289 -1.58594663969e-23 1001725.50074 -0.077123914838 -0.149889610938 3.35005716114 
7 1289 -3.07827923678 3.38662747229e-22 875193.707736 -0.0951081143996 -0.16082026406 3.32389680677 
7 1716 -3.01906335551 1.78736696265e-19 785391.667293 -0.118666035516 -0.146272541381 3.33702636518 
7 1717 -2.92556833479 -1.49430891259e-17 640179.106395 -0.115255075631 -0.159385990638 3.30032083776 
7 1136 -2.81863860578 -9.40699636384e-16 466384.305511 -0.119476235111 -0.162413956486 3.26999438123 
7 1218 -2.69816022147 -7.32372444411e-11 276632.309751 -0.113741791716 -0.162827672641 3.23599123927 
7 1286 -2.54062938015 5.67088033663e-07 90173.0418901 -0.10214163982 -0.161430352823 3.18628513247 
7 1213 -2.44499773927 0.00275657131062 20318.6493262 -0.104614426309 -0.150462505169 3.17096424748 
7 853 -2.37983322009 -1e+37 0.0 -0.103755441601 -0.139271802022 3.16785415576 
7 1165 -2.26042873052 -1e+37 0.0 -0.0975142453127 -0.131181425315 3.12996890322 
7 1166 -2.18944959035 -1e+37 0.0 -0.100041504188 -0.122869595004 3.12146039146 
7 1164 -2.10288074052 -1e+37 0.0 -0.0930652604995 -0.118934963533 3.09838692333 
7 1169 -1.98958077702 -1e+37 0.0 -0.0898135562944 -0.111732516789 3.06434611024 
7 744 -1.8659720919 -1e+37 0.0 -0.0854418736044 -0.104563478669 3.02968331323 
7 856 -1.76750064821 -1e+37 0.0 -0.0823204587104 -0.0992336053869 2.99631315143 
7 758 -1.67676618936 -1e+37 0.0 -0.0811649519382 -0.0946035929833 2.97682610937 
7 854 -1.61204784623 -1e+37 0.0 -0.0778125503384 -0.0914455630155 2.94424777091 
7 188 -1.5360961843 -1e+37 0.0 -0.0757358483206 -0.0877279639763 2.92534371327 
7 580 -1.48004589424 -1e+37 0.0 -0.0764458241287 -0.0844870493083 2.91680777256 
7 218 -1.43091470029 -1e+37 0.0 -0.072967856234 -0.0815719516014 2.89048264679 
7 133 -1.33281496034 -1e+37 0.0 -0.0744037001612 -0.0790404404562 2.86789091007 
8 1462 -3.18682328664 0.0 1621331.64323 0.00776124584921 -0.0129436116795 3.56934233116 
8 1423 -3.18418490389 6.49438592346e-32 1615786.13913 0.00644787438426 0.0226572346765 3.61595876206 
8 1445 -3.16621029685 1.07686953275e-31 1586451.17614 0.0342621100103 0.0438789276451 3.64092595821 
8 1461 -3.17696023079 2.01448234659e-31 1606477.48643 -0.0190141744199 -0.0308865988128 3.54289057381 
8 1344 -3.13331702529 1.58321062752e-30 1532866.54838 0.0295832336307 0.0851159644884 3.68550866322 
8 1435 -3.14866391009 -6.91503120796e-31 1562975.17568 -0.0324127999761 -0.058016057372 3.50002534143 
8 1440 -3.0758521189 2.96471766105e-29 1439763.05952 0.0510721387994 0.107223010547 3.72941918312 
8 1725 -3.09899821583 -7.91111184716e-30 1485556.89622 -0.0478888457497 -0.0902535610615 3.45677201312 
8 1724 -3.03271232928 4.93685014241e-28 1380556.38948 -0.0733033296501 -0.111761000886 3.42862307574 
8 1232 -2.91824922239 -3.56655480706e-25 1196467.44998 -0.0977075257361 -0.130269040862 3.39188755075 
8 1319 -2.83343167361 -3.35722345284e-23 1058249.98563 -0.0941791691797 -0.156901422497 3.3514293787 
8 1289 -2.73247202884 -1.34739802801e-20 888643.597502 -0.11114467657 -0.166051605712 3.32510014084 
8 1716 -2.66010351891 6.62415003286e-19 762385.533832 -0.135767819618 -0.149012769305 3.33811634261 
8 1717 -2.56348439535 7.37982615301e-17 596551.444448 -0.130193041966 -0.161790718887 3.30136356488 
8 1136 -2.45195499357 -9.52731845889e-14 409981.369809 -0.131487424953 -0.162857974289 3.27100812169 
8 1218 -2.32829992229 -1.36692554292e-11 225987.98146 -0.122713023908 -0.161677939688 3.23699465867 
8 1286 -2.16986644832 -4.46145685289e-07 66369.2645516 -0.108974614908 -0.159821142938 3.18727610734 
8 1213 -2.07141704093 0.00130398822296 14069.6135429 -0.110352114126 -0.148151579157 3.17195111575 
8 853 -2.00351663656 -1e+37 0.0 -0.108437057858 -0.136749907327 3.16884042594 
8 1165 -1.88420116665 -1e+37 0.0 -0.101616551664 -0.129064478675 3.13094337832 
8 1166 -1.81142227895 -1e+37 0.0 -0.103519263887 -0.120621391452 3.12243221755 
8 1164 -1.72437386815 -1e+37 0.0 -0.0963025239622 -0.117099392755 3.0993515658 
8 1169 -1.6107402375 -1e+37 0.0 -0.0925888224412 -0.110116441694 3.06530015454 
8 744 -1.48649020843 -1e+37 0.0 -0.0878201070583 -0.103296809512 3.03062656572 
8 856 -1.38786601444 -1e+37 0.0 -0.0844233757696 -0.0981535050337 2.99724601455 
8 758 -1.2962234556 -1e+37 0.0 -0.0830438064944 -0.0936297509499 2.97775290546 
8 854 -1.23199058035 -1e+37 0.0 -0.0795900409947 -0.0906391445523 2.94516442415 
8 188 -1.15540686352 -1e+37 0.0 -0.0773898731956 -0.0870387581326 2.92625448099 
8 580 -1.09865558721 -1e+37 0.0 -0.0779100727942 -0.0838282978744 2.91771588271 
8 218 -1.04980715764 -1e+37 0.0 -0.0743778753872 -0.081081464404 2.89138256096 
8 133 -0.950869240295 -1e+37 0.0 -0.0756763467621 -0.0785804373603 2.8687837906 
9 1462 -3.01288555924 0.0 2361448.82947 -0.0129273781497 -0.0173521334893 3.58026604365 
9 1423 -3.00940581906 1.79572057747e-31 2353665.60838 -0.0149012317012 0.0327022984392 3.62697570453 
9 1445 -2.99279963864 4.7697018629e-31 2311483.28807 0.0270288996944 0.0632997299775 3.65187345429 
9 1461 -2.98815123102 2.20504571497e-31 2296933.73047 -0.0521475801889 -0.0427550540428 3.55325014779 
9 1344 -2.94675676796 5.35202585731e-30 2193960.75822 0.0205114789738 0.119683940301 3.69592289291 
9 1435 -2.94243602496 6.28301498212e-30 2178194.8726 -0.0705924423752 -0.0800478277884 3.50957501629 
9 1440 -2.87277559372 -1.00256491348e-28 2004603.61932 0.0527625605308 0.149175032639 3.739031156 
9 1725 -2.86742159434 -2.34524937062e-28 1984508.65127 -0.0905117907456 -0.122588833886 3.46523526534 
9 1724 -2.76585742423 -1.13726886712e-26 1724155.12184 -0.121328940685 -0.147252488287 3.43588006809 
9 1232 -2.6016602867 -4.76817069019e-23 1310594.38097 -0.147208268531 -0.164611693176 3.39775037614 
9 1319 -2.4946510953 -5.29725198968e-21 1050864.26787 -0.137273727519 -0.192094180526 3.35672381849 
9 1289 -2.3648306745 -3.85951123783e-18 752933.168159 -0.146892159201 -0.191034422844 3.32994762399 
9 1716 -2.26630528115 -1.16761079066e-15 546333.470255 -0.172265694684 -0.16762250896 3.34278814133 
9 1717 -2.15774833311 -2.26169858012e-13 346570.83163 -0.159455676671 -0.176093211608 3.30597393404 
9 1136 -2.03481177614 7.93648554481e-12 166097.37247 -0.15102088759 -0.169204033943 3.27562993415 
9 1218 -1.90469263593 2.56834380204e-08 42591.1416178 -0.134309321211 -0.161435781721 3.24164335291 
9 1286 -1.74555285486 9.01929863396e-05 -8059.06944596 -0.116240513544 -0.156646906981 3.19189133783 
9 1213 -1.64498578999 -1e+37 0.0 -0.115666572577 -0.143676040618 3.17653997899 
9 853 -1.57478097308 -1e+37 0.0 -0.112497263937 -0.132402550185 3.1734229417 
9 1165 -1.45682917794 -1e+37 0.0 -0.105297374052 -0.125483905561 3.1354710905 
9 1166 -1.38267807938 -1e+37 0.0 -0.106448119591 -0.117250750409 3.12694762158 
9 1164 -1.29575857791 -1e+37 0.0 -0.0992175274154 -0.11429759444 3.1038335925 
9 1169 -1.18245173958 -1e+37 0.0 -0.0951015904634 -0.107803995199 3.0697329389 
9 744 -1.05806787359 -1e+37 0.0 -0.0900111844376 -0.101588116528 3.03500920799 
9 856 -0.959581099047 -1e+37 0.0 -0.0863718368788 -0.0968043509813 3.00158038462 
9 758 -0.867215391506 -1e+37 0.0 -0.0847477429362 -0.0925211537371 2.9820590862 
9 854 -0.803520728704 -1e+37 0.0 -0.081232628107 -0.0898068764688 2.94942347812 
9 188 -0.726356638636 -1e+37 0.0 -0.0789079627149 -0.0864345640831 2.93048618895 
9 580 -0.668984044474 -1e+37 0.0 -0.079152370234 -0.0833226085502 2.92193524286 
9 218 -0.620308727354 -1e+37 0.0 -0.0755947560609 -0.0808652132971 2.89556384003 
9 133 -0.520564154405 -1e+37 0.0 -0.0766568679346 -0.0784509822046 2.87293238919 
10 1462 -2.67611425643 0.0 2543162.36852 -0.0297796374096 -0.0210148467559 3.57855541825 
10 1423 -2.67408376862 7.53521451278e-32 2539357.97043 -0.0319917289689 0.0327243681928 3.62527648316 
10 1445 -2.66326634547 3.77972531761e-31 2510361.03053 0.0137291553273 0.0661284420377 3.6502885018 
10 1461 -2.64179039097 -5.7735826907e-31 2446671.03209 -0.0716832734244 -0.0481466306945 3.55122282817 
10 1344 -2.61532353727 1.56090441129e-30 2379008.18167 0.00709764623707 0.126558697543 3.69413936043 
10 1435 -2.58773093807 -5.35291975842e-30 2295162.54019 -0.0906450230561 -0.0875706467158 3.50726056342 
10 1440 -2.54153686966 4.89327299934e-29 2176130.57893 0.0429213214711 0.158820743666 3.73704182896 
10 1725 -2.50289011359 3.47930372397e-28 2059190.81148 -0.110422445586 -0.131857931808 3.46259653067 
10 1724 -2.38820945686 1.05877435583e-25 1743635.45932 -0.140500493821 -0.156041096453 3.43288509335 
10 1232 -2.20805899445 4.20648463412e-22 1260872.80587 -0.164087921893 -0.171626756175 3.39447162716 
10 1319 -2.09650991838 8.26906311515e-20 976793.153108 -0.151637728862 -0.198232657035 3.35344915616 
10 1289 -1.95967301581 -6.56309453104e-17 654591.819088 -0.156728970357 -0.193328288298 3.32669717789 
10 1716 -1.85381427697 -1.07272380741e-14 435193.130582 -0.180317578384 -0.168296392005 3.3395489376 
10 1717 -1.744669435 -1.67269098891e-12 244918.281626 -0.165450821032 -0.175268889547 3.30285051684 
10 1136 -1.62150011989 -4.36561487155e-10 86042.4578478 -0.153719664375 -0.166359880366 3.27261474971 
10 1218 -1.49265574561 2.48015833904e-07 -3697.78304485 -0.135243513042 -0.157533302297 3.23871653861 
10 1286 -1.33663660668 -7.95750979071e-05 -15348.3054618 -0.116695655966 -0.152653901573 3.18903357128 
10 1213 -1.23698764589 -1e+37 0.0 -0.11562637567 -0.14010512826 3.17369487566 
10 853 -1.16703633909 -1e+37 0.0 -0.112184171505 -0.12934173045 3.17058063018 
10 1165 -1.05103244461 -1e+37 0.0 -0.105035884568 -0.122894000492 3.13266277097 
10 1166 -0.977409902752 -1e+37 0.0 -0.105900795037 -0.114965338936 3.1241469362 
10 1164 -0.891554605608 -1e+37 0.0 -0.0988510145484 -0.11227021242 3.10105360945 
10 1169 -0.779582695696 -1e+37 0.0 -0.0947116843037 -0.106098225287 3.06698349848 
10 744 -0.656429956747 -1e+37 0.0 -0.0896471581486 -0.100205430481 3.03229086826 
10 856 -0.558897923874 -1e+37 0.0 -0.0860258916676 -0.0956225862054 2.9988919858 
10 758 -0.467190826081 -1e+37 0.0 -0.0843793837223 -0.0914908586282 2.97938817184 
10 854 -0.404143419431 -1e+37 0.0 -0.0809190726211 -0.0888915582878 2.94678179421 
10 188 -0.327471365462 -1e+37 0.0 -0.0786106592893 -0.0856294601878 2.92786146643 
10 580 -0.270415475499 -1e+37 0.0 -0.078799280076 -0.0825946689249 2.91931817909 
10 218 -0.222137450063 -1e+37 0.0 -0.0752902281858 -0.0802261419081 2.8929703961 
10 133 -0.122951816388 -1e+37 0.0 -0.0763035119027 -0.0778621827252 2.87035921537 
11 1462 -2.24239777239 0.0 2301686.95499 -0.00630921081559 -0.0189132351041 3.57402688745 
11 1423 -2.239872302 1.27713858718e-31 2296682.84717 -0.0081531729104 0.0300044893358 3.62068195981 
11 1445 -2.22163764063 4.36031429338e-31 2251918.26482 0.0326303811492 0.059826763687 3.64550172819 
11 1461 -2.22043957757 3.82939573173e-31 2246229.30491 -0.0446209477565 -0.0437468315492 3.5471397375 
11 1344 -2.17734713265 4.87268090253e-30 2142836.89677 0.026229554348 0.115177473013 3.68954071813 
11 1435 -2.17634781143 5.22828688728e-30 2135462.10755 -0.0628738237547 -0.0802454236698 3.50359509214 
11 1440 -2.10381964106 -7.00069905186e-29 1960974.49008 0.0574818285137 0.144109116588 3.732615283 
11 1725 -2.10349394819 -7.78627250179e-29 1953565.34892 -0.0827717974926 -0.121990234346 3.45939871453 
11 1724 -2.00602891855 1.52722073111e-26 1711768.68601 -0.113693294317 -0.146579904094 3.43018741512 
11 1232 -1.84703051902 4.45211677819e-23 1322774.66926 -0.140216050114 -0.164252224418 3.39219548299 
11 1319 -1.74064831364 8.35754041891e-21 1070249.35484 -0.131087396623 -0.191636886453 3.3512239593 
11 1289 -1.61324015052 -3.04080375651e-18 781504.134708 -0.142145732224 -0.191552109755 3.32448396748 
11 1716 -1.51867163562 2.98639440358e-16 582548.565122 -0.168132369814 -0.168868345204 3.33730185305 
11 1717 -1.40981127216 5.57348855831e-14 377924.400284 -0.155990287567 -0.177515492225 3.30051401831 
11 1136 -1.28693305307 -2.75425154306e-11 188738.945278 -0.148675763721 -0.171053100169 3.27019353332 
11 1218 -1.15646161266 7.35780442336e-09 52876.5207703 -0.132567011118 -0.163272962069 3.23624870975 
11 1286 -0.996356956452 5.35543257847e-06 -8870.34524238 -0.114723912973 -0.158210995615 3.1865786545 
11 1213 -0.896161861086 0.015195543207 -1519.36926389 -0.114392767297 -0.145065685416 3.17125620743 
11 853 -0.82654053051 -1e+37 0.0 -0.111453239652 -0.133661703956 3.16814441044 
11 1165 -0.708149402393 -1e+37 0.0 -0.104349309123 -0.12655077255 3.13025568667 
11 1166 -0.634330861827 -1e+37 0.0 -0.105687002408 -0.118269552202 3.12174639531 
11 1164 -0.547318520611 -1e+37 0.0 -0.0984649655311 -0.11517653142 3.09867081308 
11 1169 -0.433830173192 -1e+37 0.0 -0.0944549303574 -0.108565813234 3.064626881 
11 744 -0.309369050036 -1e+37 0.0 -0.0894538696831 -0.102204047617 3.02996090801 
11 856 -0.210728027012 -1e+37 0.0 -0.0858846118056 -0.0973345534139 2.99658768867 
11 758 -0.118465480089 -1e+37 0.0 -0.0843302074355 -0.0929967419196 2.9770988611 
11 854 -0.054505378161 -1e+37 0.0 -0.080840603141 -0.0902127165514 2.94451753765 
11 188 0.0226044506577 -1e+37 0.0 -0.0785577492645 -0.086784684666 2.92561174793 
11 580 0.0798765546975 -1e+37 0.0 -0.0788839401859 -0.0836549126099 2.91707502511 
11 218 0.128710362894 -1e+37 0.0 -0.0753447197449 -0.0811164816145 2.89074748731 
11 133 0.228402124402 -1e+37 0.0 -0.076478253265 -0.0786851253163 2.86815368062 
12 1462 -1.60161919668 0.0135851929489 1506375.36136 0.0329189761633 -0.0117366056771 3.56800457559 
12 1423 -1.59819795391 0.0179531261217 1497624.86546 0.0318771098793 0.0216971610498 3.61460136482 
12 1445 -1.57099484914 0.0578174800152 1454770.43212 0.0569764668607 0.0409332032195 3.63949440621 
12 1461 -1.60390828607 0.0107188447627 1511989.81762 0.00799696969297 -0.0285545267438 3.54175352074 
12 1344 -1.53921965241 0.10709442169 1403799.51729 0.0523558996899 0.079556261118 3.68418168612 
12 1435 -1.58398271246 0.0377401846843 1485549.08988 -0.00508223637149 -0.0543826063016 3.49908865479 
12 1440 -1.47754675857 0.203646238588 1307793.54418 0.0709918098912 0.0992908770611 3.72820701716 
12 1725 -1.5437722247 0.100143538872 1428546.53444 -0.020594439315 -0.0853618443946 3.45608668194 
12 1724 -1.49262026514 0.179675870697 1353396.60844 -0.0462433275604 -0.106875955898 3.42825774239 
12 1232 -1.39794985081 0.333891734111 1211884.79168 -0.0718902929903 -0.12609992181 3.39190832825 
12 1319 -1.31687702845 0.47405491369 1090075.80705 -0.0700891827159 -0.152742474376 3.35157155372 
12 1289 -1.22676745343 0.638803722014 950728.344556 -0.0905396381259 -0.16448418934 3.32538773156 
12 1716 -1.17106187835 0.746667647067 860614.115413 -0.116562641057 -0.149104804956 3.33852639704 
12 1717 -1.07597469432 0.942293225315 709849.759239 -0.113267085817 -0.163206313684 3.30175380799 
12 1136 -0.967555520457 1.18733099118 537229.264876 -0.118984505337 -0.167040687658 3.27134808692 
12 1218 -0.844374679234 1.50253366549 349508.152504 -0.114556431984 -0.168900941867 3.23724431761 
12 1286 -0.68120181982 2.00740208929 145548.006985 -0.103706641412 -0.168720145963 3.18742345653 
12 1213 -0.582328824152 2.38658924393 58632.3406765 -0.107525066612 -0.157933770021 3.1720702852 
12 853 -0.514902969395 2.69668923512 12991.946785 -0.107388833632 -0.146218623543 3.16895621607 
12 1165 -0.390046453013 -1e+37 0.0 -0.100855912923 -0.137330494953 3.1310578301 
12 1166 -0.316393660375 -1e+37 0.0 -0.103796920074 -0.128250072513 3.1225463582 
12 1164 -0.226354248966 -1e+37 0.0 -0.0962593623661 -0.123878328944 3.09946486273 
12 1169 -0.108760738433 -1e+37 0.0 -0.0928140290723 -0.115997710659 3.06541220673 
12 744 0.0191529252851 -1e+37 0.0 -0.088140540169 -0.108215114351 3.03073735041 
12 856 0.120852332308 -1e+37 0.0 -0.0847918974723 -0.102488488846 2.99735557901 
12 758 0.214359936811 -1e+37 0.0 -0.0835384909833 -0.0975345757039 2.97786175735 
12 854 0.281038624008 -1e+37 0.0 -0.0799643228211 -0.0941929440045 2.94527208477 
12 188 0.359122884242 -1e+37 0.0 -0.0777485880197 -0.0902673654861 2.92636145035 
12 580 0.416693486678 -1e+37 0.0 -0.0784593661003 -0.0868368656445 2.91782253995 
12 218 0.467179172176 -1e+37 0.0 -0.0747990473715 -0.0838083215116 2.89148825558 
12 133 0.567807917528 -1e+37 0.0 -0.0762632916949 -0.0811549724817 2.86888865912 
13 1462 -1.18832673033 0.0145949965714 1397619.07519 0.0313777943093 -0.0117223870247 3.56840067601 
13 1423 -1.18549212906 0.0184816657065 1390005.86781 0.0303916106679 0.0195796875422 3.61501467367 
13 1445 -1.16012499879 0.0585782309872 1354743.1341 0.0535455065536 0.0375757013546 3.6399709937 
13 1461 -1.19059590272 0.0115449705805 1402921.61059 0.00839069450762 -0.0273871930359 3.54214318795 
13 1344 -1.13070067847 0.107625877032 1312762.65975 0.04929933917 0.0739802996536 3.68473435261 
13 1435 -1.1718426932 0.0389779984817 1382217.69743 -0.0036853380323 -0.0515621319001 3.49951494386 
13 1440 -1.07308568071 0.20433699559 1233713.29943 0.0666646013484 0.0928687425012 3.72888707187 
13 1725 -1.13415326205 0.101946178749 1336711.77626 -0.0180859077152 -0.0807101163838 3.45658765634 
13 1724 -1.0865566753 0.181364291532 1276415.69574 -0.0421419492848 -0.101241932316 3.42885098249 
13 1232 -0.997911580751 0.335640495284 1161183.28228 -0.0664834119244 -0.119998535918 3.39264206254 
13 1319 -0.92073823154 0.477285066567 1059569.38418 -0.0652097336822 -0.146059484762 3.35238705699 
13 1289 -0.835131549552 0.64235066534 941427.605081 -0.0855276516641 -0.158727378225 3.32627569443 
13 1716 -0.782981836548 0.748231247447 864287.297046 -0.11050800393 -0.144209349562 3.3394600214 
13 1717 -0.690929064815 0.945458943511 729119.928228 -0.108152075027 -0.158817706474 3.30271310714 
13 1136 -0.585560653388 1.19151622842 568302.901212 -0.114900602391 -0.163922901577 3.27231796234 
13 1218 -0.464727851542 1.50813793949 384188.516989 -0.111883665422 -0.16733659554 3.23820611077 
13 1286 -0.302930902285 2.01566716104 169057.314214 -0.102107790007 -0.168174219372 3.18836187814 
13 1213 -0.204803567366 2.39460872116 69888.9440759 -0.106317499569 -0.158084476644 3.17300041232 
13 853 -0.137916956635 2.70464012352 14683.768193 -0.106478582205 -0.146621582641 3.16988431156 
13 1165 -0.0130681002536 -1e+37 0.0 -0.100084358064 -0.137718646939 3.13197475231 
13 1166 0.0602460160104 -1e+37 0.0 -0.103135298408 -0.12869237752 3.12346078784 
13 1164 0.150204038196 -1e+37 0.0 -0.0956615092349 -0.124251683972 3.10037253302 
13 1169 0.267763260711 -1e+37 0.0 -0.0923123138704 -0.116347121214 3.06630990479 
13 744 0.395605618867 -1e+37 0.0 -0.0877254070902 -0.10851021834 3.03162489402 
13 856 0.497329508635 -1e+37 0.0 -0.0844382098601 -0.102754714412 2.99823334687 
13 758 0.59072130271 -1e+37 0.0 -0.0832339441302 -0.0977862790728 2.97873381648 
13 854 0.657538781582 -1e+37 0.0 -0.079685926342 -0.0944127821767 2.9461346001 
13 188 0.735562963984 -1e+37 0.0 -0.0774998070355 -0.0904658765737 2.92721842775 
13 580 0.793049216479 -1e+37 0.0 -0.0782534549152 -0.0870332072983 2.91867701675 
13 218 0.843629806022 -1e+37 0.0 -0.0746090812864 -0.0839685933629 2.89233502046 
13 133 0.944198463574 -1e+37 0.0 -0.0761036897058 -0.0813123024653 2.86972880577 
14 1462 -0.834209902455 0.013544385731 1467987.73068 0.0319849713029 -0.011450196093 3.56969958175 
14 1423 -0.830851561288 0.0179470548957 1460253.37914 0.0309312189653 0.021264783538 3.616319067 
14 1445 -0.804388204904 0.0577323966662 1421267.56214 0.0553323837963 0.0400750993732 3.64123126697 
14 1461 -0.836415329803 0.01070713202 1472917.90368 0.0077754473893 -0.0278342454477 3.5434351284 
14 1344 -0.773287639655 0.107172203177 1374665.54529 0.0508314005716 0.078010687975 3.68594510331 
14 1435 -0.816974531115 0.0377554952759 1448477.89833 -0.00490583954335 -0.0530716916553 3.50075461431 
14 1440 -0.712984427907 0.203828098497 1286526.26269 0.0690605239973 0.0975437665338 3.72999998807 
14 1725 -0.777753449634 0.100177018716 1396139.35948 -0.0199644501817 -0.0834025164773 3.45774039039 
14 1724 -0.72785612411 0.179609709527 1327262.34726 -0.0450129013321 -0.104571426849 3.42990635424 
14 1232 -0.635317764715 0.333603093743 1197060.94145 -0.0701913940813 -0.123671230477 3.39354660372 
14 1319 -0.555729164116 0.473733128061 1083947.24645 -0.0685693821752 -0.150244294217 3.35318793891 
14 1289 -0.467156772776 0.638098928295 953402.757266 -0.0890311840091 -0.16245357926 3.32698354871 
14 1716 -0.412451518359 0.745328827509 868284.055635 -0.114751477188 -0.147292922178 3.3401220516 
14 1717 -0.318390622867 0.940555794757 723017.447619 -0.111809469704 -0.161729158581 3.3033150003 
14 1136 -0.210878574362 1.18479740959 553304.289937 -0.117933123842 -0.166115983101 3.27287524252 
14 1218 -0.0882802268209 1.49884539555 364092.292739 -0.113953646084 -0.168602189464 3.23873701762 
14 1286 0.074708560123 2.00143365582 153345.023388 -0.103384689143 -0.168823275902 3.18888192709 
14 1213 0.173504840242 2.37781014554 63570.9981105 -0.107287680085 -0.158258702962 3.17352134177 
14 853 0.240854594302 2.68474311225 17179.2980452 -0.10729269624 -0.146621665349 3.17040636318 
14 1165 0.365955208878 -1e+37 0.0 -0.100771507906 -0.13772228289 3.13249076631 
14 1166 0.439617389106 -1e+37 0.0 -0.103717581866 -0.128601384294 3.12397539911 
14 1164 0.529761993062 -1e+37 0.0 -0.0961510862543 -0.124221214025 3.10088334034 
14 1169 0.647503528874 -1e+37 0.0 -0.0926843911295 -0.11631731711 3.06681510006 
14 744 0.775529617387 -1e+37 0.0 -0.0879856262721 -0.108521495328 3.0321243747 
14 856 0.877356247672 -1e+37 0.0 -0.084616609497 -0.102786404133 2.99872732606 
14 758 0.970856282525 -1e+37 0.0 -0.0833483146024 -0.097823589919 2.979224583 
14 854 1.03771609778 -1e+37 0.0 -0.0797608301506 -0.0944841921118 2.94661999568 
14 188 1.11580134335 -1e+37 0.0 -0.0775328324246 -0.0905579831927 2.92770070676 
14 580 1.17330512113 -1e+37 0.0 -0.0782285556209 -0.0871209872681 2.91915788851 
14 218 1.22394669723 -1e+37 0.0 -0.0745595123886 -0.0841037065105 2.89281155219 
14 133 1.32452383503 -1e+37 0.0 -0.0760105226112 -0.0814480987509 2.87020161297 
15 1462 -0.42141314747 0.0167724212283 1398778.15862 0.0338432289901 -0.0105430043539 3.56917780276 
15 1423 -0.417870586753 0.021651720765 1390294.04388 0.0328590963475 0.0208036803069 3.61579317559 
15 1445 -0.391177657219 0.0641403707926 1353158.21192 0.0559427099335 0.0387362152482 3.64073752339 
15 1461 -0.425131645461 0.0118065715279 1405962.07973 0.0108416917706 -0.0262190263956 3.54293205578 
15 1344 -0.361087297004 0.114206803435 1310178.20716 0.0516524507553 0.075135829857 3.68550124264 
15 1435 -0.407572043491 0.03699570914 1386641.32198 -0.00128682570269 -0.0504712916218 3.5003063809 
15 1440 -0.302185987619 0.212910391863 1229109.14038 0.0688783082558 0.0938804248629 3.72964716099 
15 1725 -0.371050518194 0.0978236319672 1342376.76111 -0.0157777809323 -0.0797418730613 3.45737821109 
15 1724 -0.324853429961 0.174498548831 1283631.5432 -0.0400020683023 -0.100417863386 3.42964400009 
15 1232 -0.237893310552 0.324931891518 1170251.47846 -0.0645760601357 -0.119353325263 3.39343041219 
15 1319 -0.161114881015 0.464967841458 1069009.27485 -0.0634016527015 -0.145623967084 3.35315782815 
15 1289 -0.0763367405787 0.627241039536 952161.395031 -0.0840671166767 -0.158570109414 3.3270332555 
15 1716 -0.0252852713319 0.730131317012 876912.52929 -0.109283115224 -0.144020488094 3.34021888918 
15 1717 0.0666214046473 0.92529924188 742661.423824 -0.107067566745 -0.158871514988 3.30344818449 
15 1136 0.171803448052 1.16831040065 582911.283821 -0.11416418425 -0.164265512796 3.27302847877 
15 1218 0.29272369639 1.48135909481 399103.663305 -0.11148259324 -0.168090822494 3.23888877383 
15 1286 0.455177271667 1.98293556922 180783.071951 -0.101933698503 -0.169270354415 3.18901263714 
15 1213 0.553605011738 2.35569993187 78896.8566661 -0.106389201016 -0.159347514048 3.17364127667 
15 853 0.620675622132 2.65630930924 21805.9657167 -0.106827399768 -0.14788965776 3.17052259693 
15 1165 0.746445230375 -1e+37 0.0 -0.100428646953 -0.138853714978 3.13260521808 
15 1166 0.820108211904 -1e+37 0.0 -0.103562632619 -0.129686944201 3.12408953976 
15 1164 0.910605141075 -1e+37 0.0 -0.0959922124229 -0.125164499743 3.10099663728 
15 1169 1.02883865974 -1e+37 0.0 -0.092613096162 -0.117137920865 3.06692715224 
15 744 1.15732479136 -1e+37 0.0 -0.0879755880083 -0.109192523823 3.03223515939 
15 856 1.25955283957 -1e+37 0.0 -0.084648257001 -0.103368259726 2.99883689052 
15 758 1.35330026045 -1e+37 0.0 -0.083424700879 -0.0983433412772 2.97933343489 
15 854 1.42047989981 -1e+37 0.0 -0.0798366139615 -0.0949403028445 2.9467276563 
15 188 1.49877427342 -1e+37 0.0 -0.0776234792566 -0.0909593982369 2.92780767612 
15 580 1.55641204427 -1e+37 0.0 -0.0783701605929 -0.0874926679156 2.91926454574 
15 218 1.60725147396 -1e+37 0.0 -0.0746915550702 -0.0844149695911 2.89291724681 
15 133 1.70809597157 -1e+37 0.0 -0.0761853563284 -0.081735946049 2.87030648149 
16 1462 -0.0333827277625 0.0181156393518 1390633.79172 0.0350690714205 -0.00967162785682 3.56809555207 
16 1423 -0.0293817724517 0.0236987201769 1381585.24806 0.0340743181785 0.0215247654424 3.61469161007 
16 1445 -0.00206089951116 0.0675734444265 1343943.69848 0.0569472378478 0.0393006909647 3.63962352513 
16 1461 -0.0379647912355 0.0119529593476 1398906.02477 0.0122199538283 -0.0252455266444 3.54186767203 
16 1344 0.0282980658271 0.118299124538 1300958.80123 0.0526453328157 0.0755073452291 3.68437350757 
16 1435 -0.0212791814395 0.0357963211937 1380949.73505 0.000154560994925 -0.0494036072294 3.49926616443 
16 1440 0.0876397584518 0.218192414013 1219982.84242 0.0696759839033 0.0940747251542 3.72850709762 
16 1725 0.0142627436199 0.0950854547282 1338425.46176 -0.0142807006014 -0.0785924532547 3.45636360914 
16 1724 0.0593039269588 0.170108777025 1281784.48333 -0.0384594923745 -0.0992607773325 3.42865131426 
16 1232 0.144707463765 0.318006730353 1171610.56739 -0.0630466673964 -0.118251183023 3.39246396889 
16 1319 0.220816094593 0.456899661404 1072337.27499 -0.0619571501331 -0.144604043236 3.35220741798 
16 1289 0.304662295776 0.617358993079 958007.605702 -0.0827923004559 -0.157778886667 3.32609423393 
16 1716 0.354815965493 0.718333393106 884786.866009 -0.108050326542 -0.14326131948 3.33927923871 
16 1717 0.446259745675 0.912080423482 752530.015546 -0.105984335941 -0.158304416522 3.30251497725 
16 1136 0.550964376006 1.15304065679 594540.311861 -0.11335123456 -0.16397449374 3.27209716561 
16 1218 0.671609804257 1.46364808963 411462.52172 -0.110977703405 -0.168180567936 3.23795738332 
16 1286 0.834145052485 1.96124700762 190657.994419 -0.101627375386 -0.169654296243 3.18808420405 
16 1213 0.932593404543 2.32988020726 86371.9977658 -0.10633923243 -0.159936658306 3.17271369915 
16 853 0.999751060603 2.62596566495 27554.6482474 -0.106952173575 -0.148567865027 3.1695947791 
16 1165 1.12601940959 -1e+37 0.0 -0.100534883937 -0.13950383773 3.13168829587 
16 1166 1.19983165881 -1e+37 0.0 -0.103702729195 -0.130251949892 3.12317511011 
16 1164 1.29059588438 -1e+37 0.0 -0.0960738347908 -0.125691013218 3.10008896698 
16 1169 1.40916715275 -1e+37 0.0 -0.0926717108687 -0.117598318363 3.06602945418 
16 744 1.53795706088 -1e+37 0.0 -0.0880019113334 -0.109596044774 3.03134761578 
16 856 1.64043589536 -1e+37 0.0 -0.0846503058483 -0.103734553691 2.99795912267 
16 758 1.7343150037 -1e+37 0.0 -0.0834148951268 -0.0986782674878 2.97846137575 
16 854 1.80170715316 -1e+37 0.0 -0.0798044366495 -0.0952592543386 2.94586514096 
16 188 1.88009929129 -1e+37 0.0 -0.0775761249323 -0.0912588830669 2.92695069872 
16 580 1.93776407504 -1e+37 0.0 -0.078318975642 -0.0877720832023 2.91841006893 
16 218 1.98875714684 -1e+37 0.0 -0.0746204850467 -0.0846855228404 2.89207048193 
16 133 2.08967162473 -1e+37 0.0 -0.0761169973496 -0.0819908691433 2.86946633485 
17 1462 0.358972155059 0.0190025061476 1372183.51422 0.0354476343693 -0.00904081143482 3.56902850095 
17 1423 0.363230794505 0.0250634612174 1362558.80998 0.0344470540319 0.0218070219279 3.61563592242 
17 1445 0.39065636126 0.0697762386436 1325490.18681 0.0569279783789 0.0393250934124 3.6405876485 
17 1461 0.353910287967 0.0120789804669 1381132.97536 0.0129443685462 -0.0244116202353 3.54279679753 
17 1344 0.420925263641 0.121006726156 1283281.32891 0.0526587764419 0.0751285245583 3.6853662007 
17 1435 0.369913985142 0.0351626473736 1364939.87428 0.00105198627661 -0.0483220014653 3.50020010984 
17 1440 0.479993503691 0.221688469389 1204295.21134 0.0693899042309 0.0934619372417 3.7295437424 
17 1725 0.40454697554 0.0935330080613 1325070.09739 -0.0132005066805 -0.0772574526571 3.45731258573 
17 1724 0.448493043087 0.167616258605 1271490.1978 -0.0371417435752 -0.0978187290755 3.42962317311 
17 1232 0.532270191756 0.314189036684 1166380.44352 -0.0615557709907 -0.116806223452 3.39347218191 
17 1319 0.607494177501 0.452702520855 1070879.19735 -0.0605794636756 -0.143173508157 3.35323383575 
17 1289 0.690265209794 0.612352941924 960587.892027 -0.0814788916334 -0.15662095372 3.32714043982 
17 1716 0.739490128477 0.712122226177 889916.662298 -0.10660896356 -0.142210209551 3.34034499468 
17 1717 0.830300726713 0.905551529764 760841.712772 -0.104748947285 -0.157459371201 3.3035851891 
17 1136 0.934373221294 1.14589250596 605312.236942 -0.112390511475 -0.163467631258 3.27316894149 
17 1218 1.05460653311 1.45593745574 422858.188496 -0.110364963705 -0.168110650467 3.23902350305 
17 1286 1.21708300893 1.95304566259 198687.812635 -0.101266214345 -0.169886246234 3.18913487467 
17 1213 1.31547441847 2.32063330462 90913.8863508 -0.106121157085 -0.160336547275 3.17375908072 
17 853 1.38257209715 2.61554538355 29404.3820867 -0.106837411095 -0.149008738293 3.17063899663 
17 1165 1.50908915961 -1e+37 0.0 -0.100435673372 -0.139912525888 3.13271999686 
17 1166 1.58291028667 -1e+37 0.0 -0.103639974258 -0.130634207686 3.12420400652 
17 1164 1.67379718749 -1e+37 0.0 -0.095997752194 -0.126043946206 3.10111025792 
17 1169 1.79254220529 -1e+37 0.0 -0.0926035866447 -0.11791936812 3.06703952457 
17 744 1.92148784386 -1e+37 0.0 -0.0879372646658 -0.109886027425 3.03234626061 
17 856 2.02412063084 -1e+37 0.0 -0.0845887239365 -0.104007466143 2.99894676803 
17 758 2.11806375975 -1e+37 0.0 -0.0833590904083 -0.0989403505919 2.97944259778 
17 854 2.18562176791 -1e+37 0.0 -0.0797492340348 -0.0955121508138 2.94683562451 
17 188 2.26408269225 -1e+37 0.0 -0.0775250308955 -0.0915051606898 2.92791495111 
17 580 2.32176694931 -1e+37 0.0 -0.0782766433718 -0.0880171437131 2.91937150771 
17 218 2.37289501829 -1e+37 0.0 -0.0745832682025 -0.0849240016314 2.89302324341 
17 133 2.47390218483 -1e+37 0.0 -0.0760846884538 -0.0822316074085 2.87041164963 
18 1462 0.75180667261 0.0225295439807 1359313.74003 0.0381311795553 -0.0093118830199 3.56893124767 
18 1423 0.755950815642 0.0285981533797 1349493.61267 0.0371743759013 0.0213457241338 3.61554064616 
18 1445 0.784255042263 0.0754393740189 1311402.04139 0.0593186374135 0.0386793493014 3.64049487953 
18 1461 0.745556789627 0.0137866881468 1369936.23753 0.015884348825 -0.0245795035198 3.54271086148 
18 1344 0.814255690878 0.126657025863 1269524.25391 0.055077845198 0.0742548358565 3.68528895447 
18 1435 0.760874647696 0.0361609267661 1355113.95357 0.00405737107056 -0.0483686921304 3.5001294667 
18 1440 0.873641961474 0.228766287679 1190518.89642 0.0714736418922 0.0923838702541 3.72948792201 
18 1725 0.794703208499 0.0935262596208 1316917.28434 -0.0101544062402 -0.0771717814305 3.45726508236 
18 1724 0.837104276391 0.165591053805 1265908.6217 -0.0340333135768 -0.0977239377353 3.42960714076 
18 1232 0.918785979673 0.309432140033 1164570.41105 -0.0584666130078 -0.116761867721 3.39350040033 
18 1319 0.993798228329 0.448281592514 1070459.49226 -0.0576592172735 -0.143092473552 3.35328138772 
18 1289 1.07536678443 0.606407541156 963077.990939 -0.0788019761794 -0.156753672947 3.32721098133 
18 1716 1.122311337 0.701896838017 896357.117433 -0.103962453663 -0.142531261473 3.3404359154 
18 1717 1.21304171205 0.895656155706 769362.745582 -0.102334830039 -0.15788349404 3.3036810758 
18 1136 1.31669935529 1.13534941794 616569.393832 -0.11039943177 -0.164165336477 3.27326549906 
18 1218 1.43681338016 1.44495211238 435966.022685 -0.108891141549 -0.169178995814 3.2391119024 
18 1286 1.59989918134 1.94257730183 209097.615584 -0.100237063784 -0.171194601297 3.18920490789 
18 1213 1.69821075589 2.30795604812 96500.6906028 -0.105345274285 -0.161776005035 3.17382044106 
18 853 1.76501160388 2.59944200411 30365.785081 -0.106324052527 -0.150403032517 3.17069729748 
18 1165 1.89221825327 -1e+37 0.0 -0.100036262805 -0.141120610667 3.13277722275 
18 1166 1.96602134554 -1e+37 0.0 -0.103426071227 -0.131809156179 3.12426107684 
18 1164 2.05727485339 -1e+37 0.0 -0.095783893235 -0.127081327763 3.10116690638 
18 1169 2.17654411738 -1e+37 0.0 -0.0924715776655 -0.118841375103 3.06709555066 
18 744 2.3059778735 -1e+37 0.0 -0.0878592556024 -0.110668141635 3.03240165295 
18 856 2.4090566985 -1e+37 0.0 -0.0845446714543 -0.104706458201 2.99900155026 
18 758 2.50324034424 -1e+37 0.0 -0.0833517969425 -0.0995802597419 2.97949702373 
18 854 2.5711953888 -1e+37 0.0 -0.0797370278389 -0.0960946089245 2.94688945482 
18 188 2.64986698866 -1e+37 0.0 -0.077521873586 -0.092036755321 2.92796843579 
18 580 2.70765597384 -1e+37 0.0 -0.078314896432 -0.0885178893888 2.91942483633 
18 218 2.7590533312 -1e+37 0.0 -0.074607357964 -0.0853711954383 2.89307609072 
18 133 2.86030501371 -1e+37 0.0 -0.0761458475407 -0.0826534177374 2.87046408389 
19 1462 1.14884992671 0.025712781823 1324921.76984 0.0396350966092 -0.00845212895536 3.56772998137 
19 1423 1.15332824112 0.0325785741355 1314626.26739 0.0386965814431 0.0215597796245 3.61432294439 
19 1445 1.18208333822 0.0815240592108 1277575.26984 0.0601384229088 0.0384394235458 3.63928253969 
19 1461 1.14145611851 0.0148957995084 1336719.64275 0.0180220219197 -0.023354120212 3.54152611711 
19 1344 1.21181889687 0.133418161044 1237560.41329 0.0559858235599 0.0732916340327 3.68408333646 
19 1435 1.15547359526 0.0359665093242 1324717.73251 0.00649534521902 -0.0466734890998 3.49898143251 
19 1440 1.27088436874 0.237407022437 1162265.82657 0.0718458566508 0.0910246546749 3.72830637308 
19 1725 1.18757895323 0.0912859251248 1290993.64782 -0.00740066239233 -0.0749799279702 3.45616703924 
19 1724 1.22768402409 0.16105165396 1245566.86736 -0.0308485247347 -0.0953143226892 3.42856072561 
19 1232 1.3059812128 0.301602339136 1153578.94398 -0.0549737872605 -0.114319181936 3.39252841647 
19 1319 1.37942458629 0.439637673644 1066117.85095 -0.0543934861804 -0.140615290274 3.35235757653 
19 1289 1.45876401632 0.595577301211 966347.118404 -0.0756767947219 -0.154752814741 3.32632933926 
19 1716 1.5033765591 0.687236308197 905125.422487 -0.100608453918 -0.140768777418 3.3395729777 
19 1717 1.59294338935 0.88014797378 784202.767051 -0.0993799821614 -0.156465489809 3.30284309341 
19 1136 1.69529948161 1.11798097323 636672.013344 -0.108003112711 -0.16337281444 3.27244368278 
19 1218 1.8145460729 1.4255356869 458487.791566 -0.107228850938 -0.169231997344 3.2382976369 
19 1286 1.97755330017 1.92077421264 226674.875631 -0.0991510398461 -0.171858616666 3.18839416086 
19 1213 2.0756334264 2.28177228708 108046.558347 -0.104610112269 -0.162822512809 3.17300948037 
19 853 2.1421863312 2.56883993697 37054.3287301 -0.105891099259 -0.151570351747 3.16988551119 
19 1165 2.27001455671 -1e+37 0.0 -0.0996760322073 -0.142203474772 3.13197475231 
19 1166 2.34379206871 -1e+37 0.0 -0.103181129459 -0.132834113059 3.12346078784 
19 1164 2.43534398333 -1e+37 0.0 -0.0955098642423 -0.128017405903 3.10037253302 
19 1169 2.55504068949 -1e+37 0.0 -0.0922235297524 -0.119687310309 3.06630990479 
19 744 2.68483915867 -1e+37 0.0 -0.0876166909071 -0.11142257841 3.03162489402 
19 856 2.78828446583 -1e+37 0.0 -0.084299670122 -0.105408374632 2.99823334687 
19 758 2.88257014324 -1e+37 0.0 -0.0831097288469 -0.100242794639 2.97873381648 
19 854 2.95093804561 -1e+37 0.0 -0.0794779025108 -0.0967317542085 2.9461346001 
19 188 3.02971091267 -1e+37 0.0 -0.0772527539074 -0.0926501428163 2.92721842775 
19 580 3.08746650508 -1e+37 0.0 -0.0780452831447 -0.0891093270087 2.91867701675 
19 218 3.13918636096 -1e+37 0.0 -0.0743195592559 -0.0859541220387 2.89233502046 
19 133 3.24048915907 -1e+37 0.0 -0.0758556804125 -0.0832219647286 2.86972880577 
20 1462 1.53212664927 0.0269966319257 1315203.50158 0.0404661844048 -0.00642590495589 3.56675826985 
20 1423 1.53768130622 0.0356791157753 1303506.37289 0.0395041316816 0.0234719749476 3.61332904345 
20 1445 1.5672009295 0.0865895182498 1266016.70475 0.0606155549103 0.0401755969837 3.63828284506 
20 1461 1.52366112642 0.0144061582771 1328247.56987 0.0190942567102 -0.0212306232412 3.54057010352 
20 1344 1.597753501 0.139965886542 1225430.30953 0.0564416292287 0.0748433945095 3.68307234902 
20 1435 1.53630724094 0.0334953630916 1318359.36813 0.00768034672882 -0.0445041798671 3.4980540281 
20 1440 1.65760185178 0.246151645503 1150159.13823 0.0719994341439 0.0923747485483 3.72729337338 
20 1725 1.56692443375 0.0860942692231 1287251.6442 -0.0061110034948 -0.0728105689152 3.45527263544 
20 1724 1.60561637194 0.153745232691 1244440.19079 -0.0294653848729 -0.0932289228511 3.42769444114 
20 1232 1.68204356551 0.291103751183 1156421.02322 -0.0535592362669 -0.112414830915 3.39169955322 
20 1319 1.75443813462 0.427085808383 1071850.24658 -0.0530909143641 -0.138986768962 3.35155488789 
20 1289 1.83270705898 0.580775058733 975022.398384 -0.074557388559 -0.153543574904 3.32554590231 
20 1716 1.87663301247 0.670601291762 915425.62203 -0.0994896928357 -0.13952470015 3.33879243491 
20 1717 1.96556225922 0.861433280024 796836.336127 -0.0984624570483 -0.155601528087 3.30207551722 
20 1136 2.06740054313 1.09673077411 650821.086322 -0.107400063968 -0.162940553233 3.27168300524 
20 1218 2.18642132528 1.40125503284 472356.600157 -0.106966983166 -0.169347019912 3.23754007824 
20 1286 2.34963468471 1.89210186727 236219.867268 -0.0990601267342 -0.172347001595 3.1876402447 
20 1213 2.44787410782 2.2491710726 113829.314667 -0.104786209707 -0.163519073626 3.17225609664 
20 853 2.5146456382 2.53371859813 39974.0269558 -0.106209230351 -0.152331640874 3.16913180407 
20 1165 2.64308652842 -1e+37 0.0 -0.0999446492531 -0.142936160649 3.13122983476 
20 1166 2.71710978232 -1e+37 0.0 -0.103467758797 -0.133466884415 3.12271789528 
20 1164 2.80901402275 -1e+37 0.0 -0.0957320841061 -0.12862307266 3.09963513184 
20 1169 2.92916214318 -1e+37 0.0 -0.0924167492021 -0.120234679939 3.06558060515 
20 744 3.05940655151 -1e+37 0.0 -0.0877773482922 -0.111926865377 3.03090384397 
20 856 3.1632247793 -1e+37 0.0 -0.0844396603423 -0.105886224592 2.99752023875 
20 758 3.25777840898 -1e+37 0.0 -0.0832412313029 -0.100700365402 2.97802534618 
20 854 3.32644891587 -1e+37 0.0 -0.0795963336885 -0.0971792995701 2.94543388329 
20 188 3.40545550218 -1e+37 0.0 -0.0773645318698 -0.0930866968438 2.92652221002 
20 580 3.46334898055 -1e+37 0.0 -0.0781589010717 -0.08953764011 2.91798283053 
20 218 3.51531199169 -1e+37 0.0 -0.0744282254102 -0.0863766956037 2.89164709949 
20 133 3.61691170692 -1e+37 0.0 -0.0759660761563 -0.0836422462175 2.86904626152 
21 1462 1.9512778865 0.0273324606077 1229301.07206 0.0379810562554 -0.00399302554413 3.56623821673 
21 1423 1.95762319704 0.0380816764924 1216591.12642 0.0370121902708 0.0242059892319 3.61280630987 
21 1445 1.98580970359 0.0902066963766 1184738.53945 0.0565098518774 0.0398585904732 3.63782221472 
21 1461 1.94262654594 0.0133932096157 1241787.66134 0.0181867092188 -0.0178594406389 3.54003946323 
21 1344 2.01555413275 0.145502596734 1149006.96192 0.0525933030866 0.0726213205298 3.68266710369 
21 1435 1.95340534781 0.0308780030291 1236899.59833 0.00764408910014 -0.0398485044446 3.49756789263 
21 1440 2.0726828238 0.253594732827 1085473.06045 0.0670619601344 0.089304308031 3.72700363524 
21 1725 1.98103346542 0.0811193856595 1214837.32612 -0.00514747102622 -0.0667447125573 3.45486880738 
21 1724 2.01653819399 0.147334264986 1182188.42838 -0.0270581057815 -0.0863523328582 3.42737976203 
21 1232 2.08753124917 0.282545380404 1112880.52036 -0.0498349290556 -0.105108790104 3.39153332958 
21 1319 2.1555387747 0.417444592134 1045297.25482 -0.0496509760464 -0.131309372123 3.35150203779 
21 1289 2.22948452745 0.569884584428 965870.317564 -0.070646004123 -0.146587853669 3.32558991649 
21 1716 2.27103495734 0.658562511489 915301.618546 -0.0944294444526 -0.133056111849 3.33888150464 
21 1717 2.35623530704 0.848722152721 814094.114758 -0.0941077766438 -0.14973687488 3.30222905726 
21 1136 2.45450527852 1.08293867729 683995.624435 -0.103717898613 -0.158358589717 3.27187831566 
21 1218 2.57060828205 1.38659253872 515909.877571 -0.104595074289 -0.166759656744 3.23774864948 
21 1286 2.73192489816 1.87667888034 273137.831614 -0.0978605614692 -0.171389283683 3.18783166419 
21 1213 2.82959911113 2.23186725718 134456.899604 -0.103877339876 -0.163501017414 3.1724351395 
21 853 2.89594941211 2.51384336338 46076.230121 -0.105513741632 -0.152628958363 3.16930642326 
21 1165 3.02438977661 -1e+37 0.0 -0.0993286648269 -0.143284592606 3.13140183943 
21 1166 3.0981370383 -1e+37 0.0 -0.102862526274 -0.133850628554 3.12288943237 
21 1164 3.18996336564 -1e+37 0.0 -0.0951457638702 -0.129006651532 3.09980540094 
21 1169 3.31007607616 -1e+37 0.0 -0.0918366474323 -0.120628283353 3.06574900357 
21 744 3.44022032483 -1e+37 0.0 -0.0872032989942 -0.11233126775 3.03107033753 
21 856 3.54407126376 -1e+37 0.0 -0.0838678470276 -0.106298450455 2.99768489848 
21 758 3.63840842604 -1e+37 0.0 -0.0826682960223 -0.101117983313 2.97818893502 
21 854 3.70732822009 -1e+37 0.0 -0.0790272243908 -0.0976031721956 2.94559568182 
21 188 3.78619694397 -1e+37 0.0 -0.0767966089803 -0.0935155203369 2.92668296969 
21 580 3.8438640309 -1e+37 0.0 -0.0775856282125 -0.0899674050908 2.91814312112 
21 218 3.89605327311 -1e+37 0.0 -0.0738567287699 -0.0868105789444 2.8918059434 
21 133 3.99740783134 -1e+37 0.0 -0.0753971338447 -0.0840715536126 2.86920386393 
22 1462 2.42467025402 0.0203525958235 957521.718592 0.0251211379359 -0.00120513669228 3.56670854107 
22 1423 2.43075296735 0.0334734734599 947248.460166 0.0243084302314 0.0216020816151 3.61331451652 
22 1445 2.45152569925 0.0829497873382 936704.926821 0.0391567049088 0.0343798631529 3.63849243955 
22 1461 2.41920725218 0.00905872342511 964061.974049 0.0101794160895 -0.0122644946791 3.5404542647 
22 1344 2.47640504825 0.141170320112 921639.045137 0.0363163699953 0.0614720268862 3.68349740831 
22 1435 2.42793857546 0.0273105812466 969553.938145 0.00230234260189 -0.0300461389018 3.49803558661 
22 1440 2.52185999236 0.249029384435 900183.199657 0.0479116307123 0.0762898824991 3.72812510891 
22 1725 2.45006150634 0.0794387620964 971020.483799 -0.00741299506597 -0.0522191074602 3.45547376056 
22 1724 2.47963341578 0.148780184083 966850.232209 -0.0246954346102 -0.069074866335 3.42814944113 
22 1232 2.53889408116 0.28992337703 952819.140989 -0.0431863571854 -0.086260478741 3.39259951904 
22 1319 2.59549447898 0.427795895827 937104.502428 -0.0439248384781 -0.110834451033 3.35280716079 
22 1289 2.65923869363 0.585284522892 909789.553038 -0.0632183997045 -0.128122894005 3.32710917146 
22 1716 2.69660166985 0.679534998214 884453.299839 -0.0831805673295 -0.116430549724 3.34051057445 
22 1717 2.77235887511 0.874782410138 832189.153364 -0.0849489524932 -0.134525756708 3.30401562459 
22 1136 2.86205177004 1.11481426906 741216.091286 -0.0962006339149 -0.146530244214 3.2737870455 
22 1218 2.97113149418 1.42614494837 590909.035505 -0.100124694018 -0.159440180445 3.23973350647 
22 1286 3.12705707302 1.92712056378 321104.254915 -0.0957056266276 -0.167074027434 3.18984761805 
22 1213 3.2228878225 2.29026341332 145983.154742 -0.101912108558 -0.160891958613 3.17445890866 
22 853 3.28805000397 2.57986716545 28964.1069229 -0.103298184853 -0.150593414274 3.17133489318 
22 1165 3.4145332374 -1e+37 0.0 -0.0972285047977 -0.141624044716 3.13340768852 
22 1166 3.4869239413 -1e+37 0.0 -0.100597444384 -0.132576627499 3.12488982876 
22 1164 3.57742870554 -1e+37 0.0 -0.0931686789962 -0.12791002197 3.10179101063 
22 1169 3.69605223263 -1e+37 0.0 -0.0899800744359 -0.119833068833 3.06771279811 
22 744 3.82467104535 -1e+37 0.0 -0.0855095622925 -0.111784572036 3.03301191832 
22 856 3.92757407256 -1e+37 0.0 -0.0822928083782 -0.105905607154 2.99960509391 
22 758 4.02077154937 -1e+37 0.0 -0.0811530302552 -0.100848470438 2.98009664214 
22 854 4.08946723884 -1e+37 0.0 -0.0776108704147 -0.0973915748661 2.94748251101 
22 188 4.16753066046 -1e+37 0.0 -0.0754466186523 -0.0933700268503 2.92855768416 
22 580 4.22446135425 -1e+37 0.0 -0.0762560026784 -0.08988599544 2.92001236531 
22 218 4.27656921532 -1e+37 0.0 -0.0725946647681 -0.0867428107642 2.89365831707 
22 133 4.37689712104 -1e+37 0.0 -0.0741612476973 -0.0840275127517 2.87104175962 
23 1462 2.81036392708 0.0286781380909 956020.979376 0.0295093892209 0.00203578110768 3.56533320784 
23 1423 2.81831398622 0.0468817627195 944981.942696 0.0286481637623 0.0249386634374 3.61191706566 
23 1445 2.84170167154 0.102475213746 933684.149161 0.0432653711735 0.0375918193 3.63708221097 
23 1461 2.80192896167 0.00992865586119 963545.918092 0.0146927165283 -0.00894604554223 3.53909648268 
23 1344 2.86833493601 0.164525196919 917992.978747 0.0403564839949 0.0647874987966 3.68206989962 
23 1435 2.80784190159 0.0230271730333 970215.46705 0.0068841980021 -0.0267795146428 3.49670453787 
23 1440 2.91662183126 0.279146072268 895473.797192 0.0517112690821 0.0794836623242 3.7266806644 
23 1725 2.82703314576 0.0674748253175 973035.009777 -0.00275014763174 -0.0490357710503 3.45417289489 
23 1724 2.85323688414 0.129533584866 970384.361036 -0.0200066122747 -0.0659619695252 3.42687563284 
23 1232 2.90798594902 0.258451350535 958903.181859 -0.0385379459964 -0.0832826997328 3.39136475799 
23 1319 2.96278912305 0.390778146239 945200.209305 -0.0393244183429 -0.108205564452 3.35160225548 
23 1289 3.02371930659 0.539818930108 921117.530632 -0.0588842153115 -0.125933375248 3.32593062769 
23 1716 3.05798137228 0.6248885477 899010.429891 -0.0789852409989 -0.114046166692 3.33934026998 
23 1717 3.13222618661 0.81358727119 852616.245454 -0.0810125701213 -0.132726093548 3.30286638075 
23 1136 3.22016056064 1.04459504671 770308.560803 -0.0928899376147 -0.145566876635 3.27265028153 
23 1218 3.32818592476 1.34536986086 629537.950338 -0.0978587822305 -0.160159793299 3.2385979521 
23 1286 3.48480567399 1.83213919174 362122.109449 -0.0944282244506 -0.169492293044 3.18870141565 
23 1213 3.58102566663 2.18000917213 181644.188472 -0.101498545533 -0.164360545681 3.17330462477 
23 853 3.64644270429 2.45408309488 59184.4075757 -0.103802191459 -0.154447171754 3.17017614444 
23 1165 3.77562715093 -1e+37 0.0 -0.0977840267841 -0.145253920208 3.13226153575 
23 1166 3.84884283312 -1e+37 0.0 -0.101368834138 -0.135856946475 3.1237467917 
23 1164 3.9408977438 -1e+37 0.0 -0.0936928730166 -0.130985628845 3.10065642277 
23 1169 4.06154680245 -1e+37 0.0 -0.0904201470273 -0.122603422133 3.06659067554 
23 744 4.19209223954 -1e+37 0.0 -0.0858161741032 -0.114297297691 3.0319024888 
23 856 4.29664795716 -1e+37 0.0 -0.082494157844 -0.108261018897 2.9985078841 
23 758 4.39083727563 -1e+37 0.0 -0.0812999909862 -0.103076510837 2.97900656822 
23 854 4.46097763847 -1e+37 0.0 -0.0776634958009 -0.0995613890782 2.94640436685 
23 188 4.53988112399 -1e+37 0.0 -0.0754339367579 -0.0954718390236 2.92748646241 
23 580 4.59717209187 -1e+37 0.0 -0.0762141586162 -0.0919148069082 2.91894426931 
23 218 4.65041786681 -1e+37 0.0 -0.0724797267281 -0.0887595015368 2.89259986097 
23 133 4.75162588676 -1e+37 0.0 -0.0740282442914 -0.0860008155258 2.86999157631 
24 1462 3.15604644641 0.0451088067031 1090043.21862 0.0417537772394 0.00484967964591 3.56323738439 
24 1423 3.16662094974 0.0670493237824 1074702.59035 0.0408115211629 0.0307390053879 3.60976948163 
24 1445 3.19719837974 0.130091161564 1050863.53891 0.0572795193166 0.0447214209657 3.63485137536 
24 1461 3.1420738595 0.0169547926634 1103981.1841 0.0247946555555 -0.00758088030981 3.53705413511 
24 1344 3.22867180867 0.195235901994 1023135.95242 0.0537805489637 0.0749500374651 3.67975071506 
24 1435 3.14543999374 0.0236423214609 1110218.62739 0.0157309932582 -0.0278361232684 3.49468892273 
24 1440 3.2865906761 0.31720462315 978102.565072 0.0660788953652 0.0904195330386 3.72422470481 
24 1725 3.16382331127 0.0612184253085 1106911.26331 0.00458838862402 -0.0529444890578 3.45215679882 
24 1724 3.18890831211 0.113192840151 1095967.53773 -0.0150816309415 -0.0717995527045 3.42484324173 
24 1232 3.24443019821 0.228066689239 1065519.5016 -0.0360010376796 -0.0906450623452 3.38927940089 
24 1319 3.30377583931 0.354132049698 1030931.5824 -0.0366100870337 -0.11743996727 3.3494606054 
24 1289 3.36733762985 0.492772602024 986747.690813 -0.0577132924405 -0.135293716936 3.32373511221 
24 1716 3.39976251582 0.564925155913 957265.714389 -0.080032392972 -0.122188512313 3.33711275687 
24 1717 3.47852770231 0.745588896807 890579.18285 -0.0814694479782 -0.14124280582 3.30058942641 
24 1136 3.57026257555 0.966394363169 792354.822708 -0.0933734586631 -0.153398567184 3.27032564005 
24 1218 3.6822299517 1.25468693585 642227.72655 -0.0976746577821 -0.166963659507 3.23622977742 
24 1286 3.84376800849 1.72497300716 374897.986265 -0.0935708421322 -0.175518230199 3.18629584787 
24 1213 3.94110844959 2.05628693445 200869.097456 -0.101399950102 -0.169896421167 3.17088162897 
24 853 4.00699223594 2.31462375267 82922.9756916 -0.104462073647 -0.159787177988 3.16774362172 
24 1165 4.13982390006 -1e+37 0.0 -0.0984505705332 -0.150163499502 3.12985445145 
24 1166 4.21412491468 -1e+37 0.0 -0.102419153913 -0.140300121441 3.12134625081 
24 1164 4.30827706028 -1e+37 0.0 -0.094444162412 -0.135095681489 3.0982736264 
24 1169 4.431666384 -1e+37 0.0 -0.0911325635688 -0.126277153376 3.06423405806 
24 744 4.56485499955 -1e+37 0.0 -0.086417936708 -0.117585880669 3.02957252854 
24 856 4.67165586763 -1e+37 0.0 -0.0830067658924 -0.111325806906 2.99620358697 
24 758 4.76731332958 -1e+37 0.0 -0.0817821434779 -0.10597319155 2.97671725748 
24 854 4.83933931374 -1e+37 0.0 -0.0780510547695 -0.102363345706 2.94414011029 
24 188 4.91950699276 -1e+37 0.0 -0.0757687730156 -0.0981799085616 2.92523674391 
24 580 4.97746059431 -1e+37 0.0 -0.0765523140786 -0.0945437994895 2.91670111532 
24 218 5.03218642222 -1e+37 0.0 -0.0727558815158 -0.0913494747353 2.89037695217 
24 133 5.13488596819 -1e+37 0.0 -0.0743026939467 -0.0885541039073 2.86778604156 
25 1462 3.49503979725 0.0466679872867 1284692.51305 0.048763446102 0.0149942344766 3.56484214133 
25 1423 3.51219932443 0.0764187143958 1252105.42495 0.0474349867899 0.0446033465962 3.61134439234 
25 1445 3.55027357144 0.141861800852 1196417.19535 0.0664258154354 0.0598245513541 3.63636343633 
25 1461 3.4759278924 0.0146750566059 1316036.30436 0.0284459848617 0.000602037756394 3.53869491438 
25 1344 3.59029359344 0.212655339024 1134858.60894 0.0616018307611 0.0928781489496 3.68121004569 
25 1435 3.4751404593 0.0134362917922 1326588.22924 0.0174615472998 -0.023105118703 3.49632965469 
25 1440 3.65940788969 0.339215702935 1035256.38227 0.0746365841471 0.107685573024 3.72561781009 
25 1725 3.49195822399 0.0412651975419 1313501.70493 0.00397304543085 -0.0523920896923 3.45376296332 
25 1724 3.51875977295 0.0874555555081 1283167.22642 -0.0194087751213 -0.0739744599087 3.42639855556 
25 1232 3.57999260438 0.194289657784 1206849.60874 -0.0437369739295 -0.0946903523087 3.39074004157 
25 1319 3.64285931062 0.307921237415 1127850.76912 -0.0436773748709 -0.123555766168 3.35085558677 
25 1289 3.71200969779 0.439193730238 1035194.18639 -0.0659082489702 -0.140223117403 3.32508350287 
25 1716 3.75147317595 0.517228569821 975847.351788 -0.0908417861403 -0.125263696565 3.3384421639 
25 1717 3.83284578177 0.685344572008 863301.768312 -0.0904567468542 -0.143617669781 3.30192195737 
25 1136 3.92753073199 0.89590558493 724220.714682 -0.100318410673 -0.153036404546 3.27169630356 
25 1218 4.04030442528 1.17225430118 551554.106475 -0.101227527497 -0.162763744953 3.23767806308 
25 1286 4.19804404918 1.62415539183 308124.963827 -0.0944539350746 -0.168694376054 3.18785422153 
25 1213 4.29339441474 1.95140211698 170780.266108 -0.100955545706 -0.161421701639 3.1724852404 
25 853 4.35815493734 2.20831167768 84232.4255946 -0.102871369146 -0.150988764873 3.16936421982 
25 1165 4.48498231861 -1e+37 0.0 -0.0964654995232 -0.142047291384 3.13145906532 
25 1166 4.55695239056 -1e+37 0.0 -0.0996507820251 -0.132258915184 3.1229465027 
25 1164 4.6468961242 -1e+37 0.0 -0.0916232301246 -0.127685746076 3.09986204941 
25 1169 4.76447559106 -1e+37 0.0 -0.0878610284032 -0.119380848799 3.06580502966 
25 744 4.89131554868 -1e+37 0.0 -0.0828192501606 -0.111429776865 3.03112572987 
25 856 4.99287284145 -1e+37 0.0 -0.0791756002606 -0.105660530797 2.99773968071 
25 758 5.08382476628 -1e+37 0.0 -0.0776871730018 -0.100670405072 2.97824336097 
25 854 5.15233056264 -1e+37 0.0 -0.0739825749792 -0.0974653926675 2.94564951213 
25 188 5.22847409506 -1e+37 0.0 -0.0716278793052 -0.0936537773045 2.92673645437 
25 580 5.28332554454 -1e+37 0.0 -0.0720672034908 -0.0902291295202 2.91819644973 
25 218 5.33560142273 -1e+37 0.0 -0.0683897893261 -0.0874791241214 2.89185879071 
25 133 5.43284926074 -1e+37 0.0 -0.0696128172605 -0.0848740406677 2.86925629818 
26 1462 4.05976598034 0.0197646840452 671420.427426 0.0139351327562 0.0110189116904 3.56311846032 
26 1423 4.07032015294 0.0543414594284 656035.565863 0.0131922636614 0.0272377998551 3.60975610158 
26 1445 4.08658428204 0.106908534045 647889.541502 0.0231418144287 0.0360522161001 3.63506576474 
26 1461 4.05383219673 0.0 680389.359945 0.00368227641748 0.00320453340643 3.53684002345 
26 1344 4.10963012834 0.181271067941 634012.973388 0.0209902553826 0.0550404874754 3.68023094814 
26 1435 4.05489563023 0.00354772366206 694746.799119 -0.00168333037978 -0.00972860045933 3.49449828976 
26 1440 4.14540582113 0.299032466641 620478.358703 0.0287107699992 0.0652388788728 3.72514552977 
26 1725 4.06541121165 0.0383925810356 708672.649928 -0.00841946252673 -0.0262049380885 3.4521058921 
26 1724 4.08423425705 0.0992582665772 716416.377537 -0.0207723685635 -0.039077308808 3.42499783695 
26 1232 4.12415185157 0.228672749973 723581.427853 -0.0341520115787 -0.0526484662825 3.38985272136 
26 1319 4.16044061719 0.348346686983 730076.365284 -0.0349922624326 -0.0723964289625 3.35041720947 
26 1289 4.20541332056 0.498158226487 726359.023673 -0.0497390091244 -0.0873426921201 3.32509140023 
26 1716 4.23704647692 0.605624055266 710916.54188 -0.0642425720628 -0.0781010947091 3.33869391665 
26 1717 4.28993037047 0.787288514541 692943.59293 -0.0663021323109 -0.0937144272225 3.30257076445 
26 1136 4.35540086752 1.01898858251 643959.941 -0.0756381850026 -0.105099521293 3.27271100233 
26 1218 4.43683065259 1.32230907565 541924.995942 -0.0798573136923 -0.118529725163 3.23899830036 
26 1286 4.55560826427 1.814513541 316164.597254 -0.0772105720225 -0.127572959495 3.18940207654 
26 1213 4.63131002151 2.18268971603 141935.814346 -0.081854403207 -0.123986592492 3.17409240255 
26 853 4.68321392425 2.49131964945 18420.2799417 -0.0821206746728 -0.116173068446 3.17098655921 
26 1165 4.7816233849 -1e+37 0.0 -0.0767072381234 -0.109730460854 3.13306400619 
26 1166 4.83832809316 -1e+37 0.0 -0.0785039089806 -0.102482894446 3.1245470807 
26 1164 4.90862146427 -1e+37 0.0 -0.0724372156569 -0.0994122105701 3.10145079613 
26 1169 5.00075815456 -1e+37 0.0 -0.0693533522983 -0.0934368305968 3.06737632142 
26 744 5.10052994212 -1e+37 0.0 -0.0653678829375 -0.0876956291039 3.03267924773 
26 856 5.18062802119 -1e+37 0.0 -0.0625067305252 -0.0834198526196 2.99927608749 
26 758 5.25246038877 -1e+37 0.0 -0.061310148529 -0.079665835201 2.97976977546 
26 854 5.30671534614 -1e+37 0.0 -0.0584498387498 -0.0772505077337 2.94715922157 
26 188 5.36699920949 -1e+37 0.0 -0.0566135450649 -0.074325715199 2.92823647045 
26 580 5.41040159021 -1e+37 0.0 -0.0569441611089 -0.0716762876474 2.91969208888 
26 218 5.4519280496 -1e+37 0.0 -0.0540599071484 -0.069513590864 2.89334093123 
26 133 5.52897848808 -1e+37 0.0 -0.0550745072998 -0.0674438702325 2.87072685444 
27 1462 4.41395149862 0.0574103608392 601898.149348 0.0250355411674 0.00669047517559 3.5639531872 
27 1423 4.42198602447 0.0867733533652 586132.647226 0.0242686928352 0.0209665118927 3.61057569397 
27 1445 4.44057445249 0.154669984513 572200.155889 0.0330575571695 0.0283050383199 3.63587599684 
27 1461 4.40408996717 0.0221875352007 613313.298347 0.0157456215233 1.11583388507e-05 3.53766130752 
27 1344 4.45972888454 0.225555120594 553483.845749 0.0309031566032 0.0447377099948 3.68100339715 
27 1435 4.4033021009 0.0194585784424 625668.427889 0.0108803350762 -0.0113540642473 3.49530061617 
27 1440 4.49353329893 0.352728954656 529270.129677 0.0374692825206 0.0528170920802 3.72587170025 
27 1725 4.41080076364 0.0459497995469 634456.223426 0.00483862862439 -0.0257450563564 3.45287200227 
27 1724 4.42243403503 0.0884032753609 636732.144596 -0.00624760418512 -0.0367368474207 3.42570641075 
27 1232 4.45068781585 0.19214702335 632406.274139 -0.0182102333747 -0.0480854363132 3.39046939164 
27 1319 4.48274300328 0.311528219099 625327.859527 -0.0186975111415 -0.0646788071011 3.35098057743 
27 1289 4.51745447464 0.44436524055 610160.754222 -0.0313145086512 -0.0763653215533 3.3255889873 
27 1716 4.534996997 0.512540647165 594717.477533 -0.0442560034007 -0.0682787347408 3.33914177641 
27 1717 4.57957677979 0.690350108671 567490.168348 -0.0455872184185 -0.0807913607451 3.30297621415 
27 1136 4.63220308514 0.909121581787 519005.483361 -0.0532734635512 -0.0893949875936 3.27307613843 
27 1218 4.69778061015 1.19924129977 433866.916555 -0.0567447977024 -0.0995325099042 3.23933040866 
27 1286 4.79441329187 1.68032137021 260701.989848 -0.0549601473138 -0.1062334176 3.1897030545 
27 1213 4.85268098419 2.02004186909 139239.277913 -0.0598806670432 -0.103414399332 3.1743819175 
27 853 4.89178084177 2.28470155688 55392.5397609 -0.0618241674778 -0.0973772197076 3.17127507888 
27 1165 4.97216056758 -1e+37 0.0 -0.0581715941217 -0.0915291477785 3.13335046263 
27 1166 5.01645785876 -1e+37 0.0 -0.060555216584 -0.0854870284645 3.12483275843 
27 1164 5.07311194968 -1e+37 0.0 -0.05567483586 -0.0823499568739 3.10173436217 
27 1169 5.14743634544 -1e+37 0.0 -0.0536061926025 -0.076991656094 3.06765677202 
27 744 5.22743433092 -1e+37 0.0 -0.0506874492439 -0.0717508208109 3.03295652598 
27 856 5.29179765319 -1e+37 0.0 -0.0485685021695 -0.0679770095766 2.99955031168 
27 758 5.34881074189 -1e+37 0.0 -0.0477778174141 -0.0647407311959 2.98004221619 
27 854 5.39272832192 -1e+37 0.0 -0.0454939458607 -0.0625896085196 2.94742868071 
27 188 5.44055644612 -1e+37 0.0 -0.0440792825572 -0.0600790866164 2.92850419948 
27 580 5.47478719841 -1e+37 0.0 -0.0444903734379 -0.0578687727504 2.9199590367 
27 218 5.50823230833 -1e+37 0.0 -0.0421721837926 -0.0559869677736 2.89360546976 
27 133 5.56922001671 -1e+37 0.0 -0.0430670524918 -0.0542827653114 2.87098932536 
28 1462 4.78912676788 0.235262529113 597455.129752 0.0561312055116 0.00176445162109 3.56104112001 
28 1423 4.79562109831 0.257133080232 578229.811602 0.0553785938625 0.0167144337368 3.6075883892 
28 1445 4.82510404475 0.359117977552 518656.245008 0.0616164477944 0.0225550916557 3.63277753896 
28 1461 4.7666697733 0.16089026517 644761.273013 0.0477252533996 -0.00494126486079 3.53482868784 
28 1344 4.84265550221 0.422678359306 479779.294483 0.0583135428586 0.0386829927395 3.67778785895 
28 1435 4.76062081286 0.141043916547 663402.932178 0.042408063393 -0.0171259655218 3.49251037169 
28 1440 4.88191290466 0.57281685863 401009.668539 0.0608281341598 0.0434461539278 3.72249203857 
28 1725 4.76320666869 0.149497579266 665502.297893 0.0355183661741 -0.0320623111038 3.45008330679 
28 1724 4.76263826923 0.147632919377 671292.804505 0.0231130855225 -0.0437694160443 3.42289527949 
28 1232 4.77549893018 0.189857207808 651890.883225 0.00922532292644 -0.0551728649535 3.38757620842 
28 1319 4.80960536246 0.304673343634 590174.319199 0.0079423411075 -0.0695528587679 3.34799779405 
28 1289 4.8351443615 0.395165992757 542515.709752 -0.00612291789811 -0.0784634124006 3.32252212045 
28 1716 4.83115996255 0.380761775225 548534.683558 -0.0205865933449 -0.0723266348417 3.33602163514 
28 1717 4.87420045616 0.542383241342 466280.982666 -0.0214432284173 -0.0810470305273 3.29978473836 
28 1136 4.91896852575 0.726535312398 378552.356666 -0.0290929756136 -0.0853621905878 3.26982781358 
28 1218 4.97339746347 0.97788318384 272678.172208 -0.0316436399663 -0.0884003716577 3.23605258602 
28 1286 5.0520651565 1.41780851369 132547.311258 -0.0300503200611 -0.0885507097764 3.18644013372 
28 1213 5.09198105066 1.69226244208 73860.8150463 -0.0353457953742 -0.084346195357 3.1711277574 
28 853 5.11683244778 1.88972251479 42395.1086766 -0.038932284526 -0.0789653715132 3.1680236128 
28 1165 5.17834752847 -1e+37 0.0 -0.0373216768911 -0.0731614697726 3.13014123489 
28 1166 5.20905229517 -1e+37 0.0 -0.0407707705627 -0.0684863508163 3.12163225466 
28 1164 5.25133781873 -1e+37 0.0 -0.0373049308859 -0.0650074990305 3.09855751615 
28 1169 5.30699027983 -1e+37 0.0 -0.036589513006 -0.0601828668557 3.06451482882 
28 744 5.36624912922 -1e+37 0.0 -0.03501839042 -0.055296854666 3.02985012332 
28 856 5.41417585285 -1e+37 0.0 -0.033822171416 -0.0519823274313 2.9964781242 
28 758 5.4556725596 -1e+37 0.0 -0.0335635207052 -0.0492653309278 2.97699000921 
28 854 5.4888431752 -1e+37 0.0 -0.0319416286285 -0.0473343576728 2.94440987704 
28 188 5.52368733974 -1e+37 0.0 -0.0310312562263 -0.045234104077 2.92550477857 
28 580 5.54839044917 -1e+37 0.0 -0.0316030535382 -0.0434985130342 2.91696836788 
28 218 5.57341391855 -1e+37 0.0 -0.0299192261198 -0.0418603672584 2.89064179269 
28 133 5.61778267527 -1e+37 0.0 -0.0307388901539 -0.0405485706226 2.8680488121 
29 1462 5.33734271811 0.614015731551 217203.831624 0.0459496270617 0.00180855132212 3.56269860128 
29 1423 5.34176230633 0.64257024091 203679.050933 0.0452338170038 0.00964374413779 3.60927519717 
29 1445 5.36272828464 0.786164046905 156869.240532 0.0438221982188 0.0107692853301 3.63450906099 
29 1461 5.31683668417 0.488242424089 267543.671584 0.0450275854171 -0.00088086081273 3.53644340191 
29 1344 5.37173034679 0.85232315023 136138.715836 0.0414073694863 0.018635424328 3.67955572722 
29 1435 5.30781413805 0.436192032503 293469.101186 0.0436394440729 -0.00745296174696 3.494095453 
29 1440 5.39415782999 1.03208607043 92941.788688 0.0386003870729 0.0191482608183 3.72430950607 
29 1725 5.30252043922 0.406395522193 310878.302469 0.0413505671077 -0.0155500435317 3.45164858415 
29 1724 5.29051166534 0.340870299235 344152.915981 0.036038634562 -0.0228873517273 3.42444196394 
29 1232 5.28168331997 0.294258777682 370959.540859 0.028947554245 -0.0306540747866 3.38911354449 
29 1319 5.29964473471 0.390441530991 329149.41308 0.0268812878949 -0.0396503377301 3.34954769787 
29 1289 5.30522583142 0.421552848345 317605.165573 0.0175239303338 -0.0467528166689 3.32407541712 
29 1716 5.28461356396 0.30959980682 369575.001543 0.00939283144655 -0.0443292298076 3.33757004003 
29 1717 5.30900995868 0.442998229759 310342.975279 0.00731636582415 -0.0504989502499 3.30134107901 
29 1136 5.33135367631 0.576146335144 256632.178896 0.000314177349768 -0.0544283583859 3.27138548614 
29 1218 5.36086887975 0.772933687292 188180.613822 -0.0039994945742 -0.057397278469 3.2376027986 
29 1286 5.40790338963 1.15429390668 92331.8036234 -0.00564277665768 -0.0574082767441 3.18796478488 
29 1213 5.42686182081 1.34165992804 60407.9206536 -0.0106033903156 -0.0560195867883 3.17263840632 
29 853 5.43685847565 1.45127718467 45333.2326091 -0.015175502766 -0.053641445076 3.16952937042 
29 1165 5.47530696721 -1e+37 0.0 -0.0157160032471 -0.0496650617896 3.13163106998 
29 1166 5.49124764497 -1e+37 0.0 -0.019382905909 -0.0472321175562 3.12311803978 
29 1164 5.5170117651 -1e+37 0.0 -0.0177555644487 -0.0441323298823 3.10003231852 
29 1169 5.55145232538 -1e+37 0.0 -0.0182470021461 -0.0406589432848 3.06597342809 
29 744 5.58764485432 -1e+37 0.0 -0.0180130934314 -0.0369151057331 3.03129222343 
29 856 5.61753008886 -1e+37 0.0 -0.0177429497859 -0.034507865526 2.99790434044 
29 758 5.64210629963 -1e+37 0.0 -0.0179508651888 -0.0326274901649 2.97840694981 
29 854 5.66379683097 -1e+37 0.0 -0.0170965346999 -0.0311544270638 2.94581131065 
29 188 5.68466487912 -1e+37 0.0 -0.0167190047119 -0.0296728611334 2.92689721404 
29 580 5.6990130989 -1e+37 0.0 -0.0173491072926 -0.0285522012146 2.91835674032 
29 218 5.71529037272 -1e+37 0.0 -0.0163908860042 -0.0273090809674 2.89201763462 
29 133 5.74181200144 -1e+37 0.0 -0.0170691275619 -0.0264685442774 2.86941390059 
30 1462 5.77778230255 -1e+37 0.0 -0.000704385736333 -0.00878163839647 3.56740103002 
30 1423 5.77304813966 -1e+37 0.0 -0.000717493720609 -0.00897461870159 3.61403607796 
30 1445 5.77029014398 -1e+37 0.0 -0.000555692888975 -0.00904560329371 3.63928817368 
30 1461 5.7808303605 -1e+37 0.0 -0.000845211975216 -0.00872729763265 3.54112406738 
30 1344 5.76585375293 -1e+37 0.0 -0.000569612660732 -0.00926182686382 3.68438735023 
30 1435 5.78545848286 -1e+37 0.0 -0.000910759124989 -0.00859723781211 3.49872515363 
30 1440 5.76138628469 -1e+37 0.0 -0.000420424225836 -0.00937414836083 3.72918318444 
30 1725 5.79022928692 -1e+37 0.0 -0.000993144414276 -0.00845543524254 3.45622482667 
30 1724 5.79368347828 -1e+37 0.0 -0.00112195417783 -0.00834897964356 3.42898791766 
30 1232 5.79834662904 -1e+37 0.0 -0.00127129311679 -0.00824597803706 3.3936163621 
30 1319 5.80284139698 -1e+37 0.0 -0.00126659149245 -0.00807519262443 3.35398998893 
30 1289 5.80628266955 -1e+37 0.0 -0.00140657267492 -0.00797148990867 3.32848116603 
30 1716 5.80597603219 -1e+37 0.0 -0.00158030767482 -0.00807818268356 3.34200318956 
30 1717 5.81028899086 -1e+37 0.0 -0.00157301793236 -0.00792727305232 3.30571476194 
30 1136 5.81426308067 -1e+37 0.0 -0.00166005050165 -0.00783346932071 3.27570703153 
30 1218 5.8187428851 -1e+37 0.0 -0.00170302357018 -0.00768134225596 3.24186122254 
30 1286 5.82518768191 -1e+37 0.0 -0.00170950316027 -0.00754029772113 3.19212839429 
30 1213 5.82801886589 -1e+37 0.0 -0.00181193028184 -0.00748376708367 3.17677221204 
30 853 5.82943952503 -1e+37 0.0 -0.00192686928976 -0.00743440684776 3.17365494687 
30 1165 5.83476275811 -1e+37 0.0 -0.00196329223225 -0.00732759736323 3.13570032105 
30 1166 5.83689820485 -1e+37 0.0 -0.00208742818103 -0.00731383567125 3.12717622899 
30 1164 5.84062786381 -1e+37 0.0 -0.00208240741329 -0.00720803957324 3.10406051007 
30 1169 5.84598026564 -1e+37 0.0 -0.002149041694 -0.00712481469193 3.06995736341 
30 744 5.85186198966 -1e+37 0.0 -0.00219940887103 -0.0070041916339 3.03523109389 
30 856 5.85719461034 -1e+37 0.0 -0.00223739175172 -0.00692534543635 3.00179982658 
30 758 5.86132162353 -1e+37 0.0 -0.0022854931353 -0.00687274521871 2.98227710098 
30 854 5.86592039004 -1e+37 0.0 -0.00228205243317 -0.00680528648898 2.94963910695 
30 188 5.86980142998 -1e+37 0.0 -0.00229653753767 -0.00675188859458 2.9307004333 
30 580 5.87224495472 -1e+37 0.0 -0.00235165256027 -0.00673032628294 2.92214886206 
30 218 5.87608941525 -1e+37 0.0 -0.00233549971647 -0.00667028261191 2.89577553125 
30 133 5.88127484233 -1e+37 0.0 -0.00237118456676 -0.00665971593455 2.87314242586 
